# exz		i		sxz		szz		tanPhi
0.0	100	0.0	0.0	0
0.0	200	0.0	0.0	0
0.0	300	0.0	0.0	0
0.0	400	1.7630271811141298	1.9334590742972664	0.9118513055441416
0.0	500	0.07481873585514402	0.16259109629457152	-0.4601650247784326
0.0	600	0.0	0.0	0
0.0	700	0.7245552870629353	1.0472513732598572	0.6918637736492607
0.0	800	0.0	0.0	0
0.0	900	0.05881234210497921	0.008728762857773362	-6.73776376598479
0.0	1000	0.4192188782502187	0.5143090978624296	0.8151107573102931
0.0	1100	0.0	0.0	0
0.0	1200	0.026781462591491466	0.012747453336836254	2.100926505382938
0.0	1300	1.1488813487228207	0.37359847788988004	-3.0751767384380484
0.0	1400	0.7063741938041674	0.5790913002589759	1.2197976268824435
0.0	1500	0.004513147326599526	0.0387019059422605	-0.11661305087487696
0.0	1600	0.07453919210139077	0.010056428180438396	-7.412094111742698
0.0	1700	0.0	0.0	0
0.0	1800	0.15191433796037432	0.3132006681174448	-0.4850383585497624
0.0	1900	0.6681543383220289	0.3504734230936329	-1.9064336816875382
0.0	2000	2.492759507623346	2.5551695972676165	-0.9755749717314228
0.0	2100	0.1584048440309039	0.07716273408122042	2.0528671763259343
0.0	2200	0.5480619695733414	2.8354164291126787	0.19329152640370822
0.0	2300	0.0	0.0	0
0.0	2400	0.0	0.0	0
0.0	2500	0.5168129185623522	0.844759061011954	0.6117873633024445
0.0	2600	0.0	0.0	0
0.0	2700	1.7717345192737226	2.6246349127130535	0.6750403687354376
0.0	2800	0.03131493552914318	0.10214007972521498	-0.3065881249886333
0.0	2900	0.24493354142729803	0.07070738990865132	3.4640444477406667
0.0	3000	0.0	0.0	0
0.0	3100	0.16982314785769895	6.013531184668646	-0.02824017081522068
0.0	3200	0.15296626075452016	3.046971257609794	0.05020272520539462
0.0	3300	0.0	0.0	0
0.0	3400	2.6408607955478605	2.7111753202810807	-0.9740649288862919
0.0	3500	0.0	0.0	0
0.0	3600	0.9817001258229033	5.707494130280328	-0.17200195101640628
0.0	3700	0.05619927662466708	0.3489268492129419	-0.16106320494233442
0.0	3800	0.0	0.0	0
0.0	3900	0.6446180793102247	0.5486048725512942	1.17501340502577
0.0	4000	0.09284803606181873	0.8313972680132385	-0.11167710026723383
0.0	4100	0.05432418737689636	0.012188479324913798	4.457011078146171
0.0	4200	0.05423477233356557	0.030523163522054163	-1.7768398185325338
0.0	4300	1.0523902649684735	2.1367823397871835	0.49251168234256754
0.0	4400	2.1148004158813	9.516439413805813	0.22222601583668877
0.0	4500	0.2772876375855387	4.678120598664988	-0.05927329826953783
0.0	4600	1.5433091462899649	9.677241792986033	0.15947820456532766
0.0	4700	1.4586609519180334	4.362492796900712	0.33436409406895157
0.0	4800	0.4615824700132506	0.19495295514328012	-2.3676608014175105
0.0	4900	0.3144131886701445	0.4417224237725945	-0.7117890597105145
0.0	5000	0.153400108687933	0.32599309286814115	-0.47056245068965563
0.0	5100	0.0	0.0	0
0.0	5200	1.1271458921546738	0.454657412664486	-2.4791103383735
0.0	5300	0.6384837121591547	3.573498115176292	0.1786719039944579
0.0	5400	0.0	0.0	0
0.0	5500	0.9981980266327304	1.4791672364704551	0.6748378425515974
0.0	5600	0.22650648491068712	0.6291703284110027	-0.3600082118982616
0.0	5700	0.0	0.0	0
0.0	5800	4.82168436409833	3.1987694806948235	-1.507355998360652
0.0	5900	3.319653967037094	2.1653232958266435	1.5330985324155801
0.0	6000	0.4001020725956287	4.156362830387558	-0.09626254706890479
0.0	6100	1.7963452983928168	1.1150366112599739	1.6110191183435445
0.0	6200	0.23581702256100034	1.1875292112501703	0.1985778710342158
0.0	6300	0.6758257583378796	1.6638767729578927	0.40617536666279463
0.0	6400	0.9323661102785062	0.8073538338885725	1.1548419926215243
0.0	6500	0.8711353197503723	2.9860263749785596	-0.2917373158690292
0.0	6600	4.873425870799289	9.624167895478006	0.5063737378365051
0.0	6700	1.337899931601716	2.0785088898574693	0.6436825640391947
0.0	6800	0.045231766235836295	0.09153186879395163	0.4941641291915279
0.0	6900	0.06055816610981185	0.07565359673079348	-0.8004664513876668
0.0	7000	0.524596658657507	0.16384385150119282	3.2018086357893503
0.0	7100	0.6178840839465789	0.05805391634406121	-10.643279951771714
0.0	7200	0.015597382452671726	0.7949429599505228	-0.01962075675673951
0.0	7300	0.4345238254943515	1.7104301285922092	0.2540435988764953
0.0	7400	0.733641371179063	2.5085218544474035	-0.2924596291152007
0.0	7500	6.530149240087973	14.944021723115041	0.4369740195162659
0.0	7600	5.062059679394116	15.487209565486287	-0.3268542120508957
0.0	7700	1.2468757689505403	9.10263457411533	0.1369796577900879
0.0	7800	1.953433873279084	5.09760192836038	0.38320643720946584
0.0	7900	0.2495528822230973	0.940439770420878	0.26535764444693155
0.0	8000	5.364070768543958	9.894488855034956	0.5421271221923073
0.0	8100	0.5579617925456174	1.4765618830079277	-0.3778790438562484
0.0	8200	2.295400480676027	3.2811649055350696	-0.6995687649846142
0.0	8300	2.9760462555871796	5.483669527750059	-0.542710723271511
0.0	8400	0.7688156957740753	1.0108136646479895	-0.7605909206241402
0.0	8500	10.388236123533062	15.872391542225937	0.6544846185212124
0.0	8600	3.5033206485652935	4.060059099766307	0.862874298742829
0.0	8700	0.06878270982707166	0.5136923333485303	-0.1338986497592985
0.0	8800	4.694418480769985	11.05763040561244	0.424541091406643
0.0	8900	0.7503129312719953	8.642624563463992	0.08681540263172874
0.0	9000	2.696545274417959	7.384952295277477	0.3651405136553615
0.0	9100	2.9762697084242196	5.5623255245455825	0.5350765062725032
0.0	9200	3.3581870277648673	7.861996033715175	-0.42714178605073155
0.0	9300	7.068584576136779	11.355497471822911	-0.6224812777843057
0.0	9400	5.6981682730588865	12.101395039605576	0.470868710128862
0.0	9500	2.603443386882303	5.604416804853034	0.4645342196226203
0.0	9600	0.29010919605690744	3.197843086593298	-0.09072027244650217
0.0	9700	2.3140355928173455	10.983039521808697	0.21069172957289586
0.0	9800	1.3580038681361213	3.5725411887044407	0.38012266238660014
0.0	9900	0.8325951481141085	1.4691144619283059	-0.5667326608583477
0.0	10000	4.361755488860941	8.9271856625814	-0.4885924471296017
0.0	10100	4.6599510274169935	16.486634702965556	0.2826502261603927
0.0	10200	1.2678277245545146	8.825578179705213	0.1436537866119568
0.0	10300	2.374252084261081	7.25649719719261	0.3271898299884454
0.0	10400	2.9576638688348607	18.124176308706453	-0.16318887095652806
0.0	10500	2.4267886753903283	8.928041545005668	0.2718164631243086
0.0	10600	1.0299631218376182	13.327056302112984	0.07728361751381804
0.0	10700	6.788093017804127	7.6558588374298555	0.8866533673030672
0.0	10800	0.43489748226449154	15.987092703905924	0.027203037495256314
0.0	10900	3.0498124431989857	30.699628758358344	-0.09934362617882268
0.0	11000	1.257501223231203	18.766854859452664	0.06700649803330327
0.0	11100	8.094801715333185	38.11834258863711	0.2123597503356876
0.0	11200	1.352916909185841	9.473862908930608	0.14280520229087376
0.0	11300	9.525573932828776	38.31505882824995	0.24861175277135436
0.0	11400	1.1536731608387474	40.296358034005785	-0.028629712885347394
0.0	11500	4.209689329594947	39.9990185483478	0.10524481555732654
0.0	11600	19.56409439524904	53.1083692780901	0.3683806274074437
0.0	11700	3.043604725249095	38.9933599856702	-0.07805443609803309
0.0	11800	24.75898101637951	135.9667824006424	-0.18209580736730396
0.0	11900	5.456203080550284	70.84198440526112	-0.07701934278601429
0.0	12000	5.465588809709484	16.07256231168984	0.3400570925604234
0.0	12100	0.050586464332850314	21.515069092529544	-0.0023512108706364755
0.0	12200	11.553485401612962	63.244579731038236	0.1826794557058763
0.0	12300	15.731488586205623	72.7576246523768	-0.2162177319747301
0.0	12400	1.0855043172353034	61.84496950206441	-0.017552022839934765
0.0	12500	0.7497780206881928	89.81057707924992	-0.008348437846319367
0.0	12600	12.15816345843267	109.89504593796579	0.1106343179955153
0.0	12700	0.797234532490583	79.39147346237938	0.010041815546708077
0.0	12800	13.82263913862696	53.65120403360743	0.2576389363036173
0.0	12900	4.99046739741298	64.75356874640153	0.07706860786248648
0.0	13000	12.73225289362131	61.489654762990526	-0.20706333354280945
0.0	13100	2.7200155203353313	67.98169701352336	0.040010997663006975
0.0	13200	17.308873559828942	128.75209120431606	0.1344356693388504
0.0	13300	14.445161461938335	118.62179078579658	0.12177494005315553
0.0	13400	11.20722083847855	185.2386684016726	-0.060501519122221
0.0	13500	27.033342024572868	167.3726600047028	-0.16151587734707265
0.0	13600	9.022198117793	252.32277297079804	0.035756574848823344
0.0	13700	3.1281992973885364	256.21118606881527	-0.012209456368342713
0.0	13800	28.615635210148913	387.96726670622735	-0.07375785965937419
0.0	13900	6.626000575545691	298.22957939103514	-0.022217784664671898
0.0	14000	3.9374252107725716	300.8709106087305	-0.01308675937732319
0.0	14100	16.733295273345316	588.1643276476119	-0.028450034262143774
0.0	14200	41.99591334609636	931.2181210411152	-0.045097826596355674
0.0	14300	15.133716399505591	640.9971242154911	-0.023609647887309276
0.0	14400	53.31119713277512	803.231319158517	-0.06637091440685496
0.0	14500	71.94347426304638	897.6408005844158	0.080147286326788
0.0	14600	22.138517778889277	979.7023965469964	0.022597186509819147
0.0	14700	29.351990113526238	883.5533571489912	0.0332203933990335
0.0	14800	14.606616409452668	937.5917948785678	0.015578865439350867
0.0	14900	39.675909011174205	839.0230099740459	-0.047288225161311766
0.0	15000	69.07623741507258	1176.2477647913797	-0.05872592448864207
0.0	15100	102.13707297077045	1388.6826676976116	-0.07354961313091797
0.0	15200	43.24541472706324	1428.6781643809077	-0.030269528719089
0.0	15300	112.27460730162865	1532.4197332363726	-0.07326622391145528
0.0	15400	100.09668690444404	2489.939099733745	-0.04020045587265472
0.0	15500	83.3747518438216	3069.136468114105	-0.027165540766928804
0.0	15600	302.08474921741055	3908.926656191615	-0.07728074118221634
0.0	15700	25.150132519524124	4516.057355591325	0.005569046302830006
0.0	15800	336.3447994759731	5043.183538143787	-0.06669295236472188
0.0	15900	164.19247828513517	5222.631546916325	-0.031438648660191575
0.0	16000	170.62040448765154	5769.3293631909955	-0.029573698041271475
0.0	16100	299.26626694191816	6572.631350311703	-0.04553218505518732
0.0	16200	15.987176424165208	7739.098012029655	0.0020657674058804703
0.0	16300	296.56572898304165	8655.983687550342	-0.03426135488327962
0.0	16400	70.76360450928898	10397.991352188405	0.006805507151570748
0.0	16500	7.465173298069992	12550.827487760369	-0.0005947953077476419
0.0	16600	210.4975372050658	15045.033812597065	-0.013991164116149623
0.0	16700	654.4208225772603	17900.492284194715	0.036558817053041766
0.0	16800	1175.5762127098947	22222.05561004906	0.05290132620216673
0.0	16900	638.8210205665486	24065.168767397623	0.026545461897279264
0.0	17000	73.03498175661379	25393.378381482584	0.0028761427746798953
0.0	17100	169.96647453817468	27885.687864515974	-0.006095115005373559
0.0	17200	465.46613134851066	32103.655752710525	0.014498851312570879
0.0	17300	344.2504359468646	38650.22736286766	0.008906815287653275
0.0	17400	526.4061790184907	44503.55095275531	-0.011828408469636955
0.0	17500	439.6409926930698	47494.53328954301	0.009256665183187865
0.0	17600	152.36058155229634	51055.83226177907	0.002984195434736945
0.0	17700	231.82495511534205	53997.788129784785	0.004293230577484879
0.0	17800	1295.7680644560994	58100.76941659154	0.022302080978743005
0.0	17900	1962.95262128651	65265.12180074562	0.030076594774149097
0.0	18000	3075.8880408264517	75823.25500630673	0.04056655231393864
0.0	18100	4809.693568029246	85213.70677192319	0.056442722071726355
0.0	18200	6267.138381940586	94676.78789251673	0.06619508880102112
0.0	18300	7684.356276670784	103935.54315571014	0.07393386365584804
0.0	18400	6277.411120698487	112737.94853830925	0.055681438256483556
0.0	18500	4413.756406497329	127325.87814034702	0.03466503801868301
0.0	18600	5620.908292290368	141649.87989980416	0.039681701786590355
0.0	18700	5522.330719605199	154671.0712913472	0.03570370770370513
0.0	18800	3675.359121054596	171198.8508083051	0.021468363272893528
0.0	18900	2979.0342063841154	185283.7305362808	0.016078228767100435
0.0	19000	3577.6916631533622	197745.972690518	0.018092361702620473
0.0	19100	3387.8101110713314	216755.01648909764	0.015629673379401264
0.0	19200	1227.6841370861837	236190.69693990637	0.005197851367526729
0.0	19300	624.3645335569335	248944.57275735153	-0.002508046376112433
0.0	19400	452.13036635032364	261673.6380737214	-0.001727840716698198
0.0	19500	1864.9329984576689	278502.99687335925	0.006696276231834195
0.0	19600	3872.686651441143	293068.0630699689	0.013214290942771727
0.0	19700	4696.100747839631	310158.5386496943	0.015140968771276032
0.0	19800	5035.775531131559	327500.6240150439	0.01537638453751538
0.0	19900	2798.7973693966037	343212.4238042351	0.008154708790474932
0.0	20000	3296.288871508919	361289.3178307809	-0.009123682070923613
0.0	20100	2749.421357427067	377197.2990080277	-0.007289080183388461
0.0	20200	6456.635889596407	390633.9852562339	-0.016528607682102254
0.0	20300	5637.069874715204	412714.75557904487	-0.013658513049300386
0.0	20400	8042.768455229678	431504.8005248508	-0.01863888523475763
0.0	20500	7887.143255797309	452644.74595725606	-0.017424577057925477
0.0	20600	9152.581768292266	474184.5501514701	-0.019301729179849136
0.0	20700	12482.854762643821	492803.54118917667	-0.025330286248596418
0.0	20800	16077.317557160639	514955.86734323273	-0.031220767791436094
0.0	20900	19797.51533140378	534049.2772910374	-0.03707057789091409
0.0	21000	20328.63625551621	557806.6649066347	-0.03644387479471727
0.0	21100	21934.225606112184	583202.1635920099	-0.03760998668286266
0.0	21200	23005.089664631447	610190.1764580023	-0.037701507746601394
0.0	21300	25263.1134316189	633480.4712386957	-0.03987986146158522
0.0	21400	20967.82047501272	658914.937685125	-0.03182174098021828
0.0	21500	18879.03863627959	679982.4791468038	-0.027764007478498175
0.0	21600	21288.488494106386	704239.0055445164	-0.03022906758430139
0.0	21700	23102.829805648395	729817.430795145	-0.03165562897076544
0.0	21800	29950.612680896626	756405.4037931539	-0.0395959792601996
0.0	21900	32809.8515535651	785267.8371599986	-0.04178173357032587
0.0	22000	32771.39552583208	815281.1792738456	-0.04019643327841922
0.0	22100	34356.871008520706	845607.1400650963	-0.04062982605122735
0.0	22200	34521.33292654595	875217.393665561	-0.03944315226867769
0.0	22300	33755.89864247859	904430.5957072021	-0.037322818138503834
0.0	22400	35147.095763939076	934318.5723553236	-0.037617892658749964
0.0	22500	36153.97618005746	969015.8932005877	-0.03730999298746645
0.0	22600	32442.661015173468	1001422.5784129706	-0.032396574347852015
0.0	22700	30497.6284195997	1035140.2766280439	-0.029462314536678382
0.0	22800	31704.908458213715	1068018.8490563117	-0.029685719953564286
0.0	22900	31650.091684696206	1100769.834268337	-0.028752688072828124
0.0	23000	29913.53315909269	1134044.2119096043	-0.026377748631794196
0.0	23100	29184.328827657253	1169577.0249561784	-0.024952891690695384
0.0	23200	29258.83834852774	1203899.3522705748	-0.024303392383545244
0.0	23300	30640.759521740398	1241735.5055576556	-0.024675753720982494
0.001033030454236451	23400	37060.48805144266	1245208.8640790659	-0.029762467261949612
0.0021682287555951866	23500	44131.40796642896	1245165.9820263141	-0.03544218891573953
0.003303427056953922	23600	51191.493215644776	1245121.8265837817	-0.041113642153473406
0.004438625358312677	23700	58228.793965058605	1245096.399983871	-0.04676649451866771
0.005573823659671456	23800	65256.28474889271	1245063.8006561066	-0.05241200066575291
0.0067090219610302345	23900	72291.1719793911	1245039.9627900627	-0.058063334623726266
0.00784422026238901	24000	79297.04453714966	1245005.282307757	-0.06369213501661912
0.008979418563747702	24100	86287.10945687465	1244975.6994874428	-0.06930826801872446
0.010114616865106394	24200	93273.2379045953	1244952.5300805734	-0.07492112000331341
0.011249815166465086	24300	100243.61972022698	1244930.8313237473	-0.08052143717385242
0.012385013467823778	24400	107203.92360247005	1244915.1067904958	-0.086113441003099
0.01352021176918247	24500	114151.34248416853	1244920.3445040185	-0.09169369188005913
0.014655410070541162	24600	121074.85361352743	1244979.3989495616	-0.09725048761102639
0.015790608371899856	24700	127971.60294400016	1245075.074916971	-0.10278223821365477
0.016925806673258548	24800	134846.9415283909	1245182.4410208142	-0.10829492698101484
0.01806100497461724	24900	141715.93413167752	1245301.8289766854	-0.11380047056393645
0.01919620327597593	25000	148570.71538311787	1245448.7798948912	-0.11929090764829076
0.020331401577334623	25100	155379.7547115135	1245627.8187879727	-0.1247401128715172
0.021466599878693315	25200	162153.76863968826	1245821.615700433	-0.1301580953453928
0.022601798180052007	25300	168902.72137839487	1246024.6441117248	-0.13555327511102597
0.0237369964814107	25400	175630.20379726382	1246253.5803890056	-0.14092653899733842
0.02487219478276939	25500	182337.54144575688	1246505.5728484518	-0.1462789620980902
0.026007393084128083	25600	189008.35403661686	1246797.4420995347	-0.15159507683809306
0.027142591385486775	25700	195648.19855748743	1247103.2240788671	-0.15688212072580976
0.028277789686845467	25800	202239.9667876979	1247440.1299049375	-0.16212398650595744
0.02941298798820416	25900	208809.3201918415	1247774.0494653771	-0.16734545832341058
0.03054818628956285	26000	215335.96285858122	1248139.4056519738	-0.17252557036775798
0.03168338459092154	26100	221824.38287402445	1248497.3851947533	-0.17767308566643256
0.032818582892280235	26200	228250.9355923169	1248852.8784834694	-0.18276847459365342
0.03395378119363893	26300	234645.2449598584	1249204.0048658028	-0.1878358090799312
0.03508897949499762	26400	241023.6300935611	1249577.1730288377	-0.19288414937138001
0.03622417779635631	26500	247369.46706272886	1249950.30006955	-0.19790344228003678
0.037359376097715	26600	253674.4282904717	1250336.9760580198	-0.20288484876312285
0.038494574399073694	26700	259940.34235982224	1250729.7171638834	-0.20783094764011448
0.039629772700432386	26800	266167.38715719455	1251119.5622080218	-0.2127433661795301
0.04076497100179108	26900	272357.2091456838	1251521.3816178718	-0.2176208997672905
0.04190016930314977	27000	278533.6156145927	1251922.623991818	-0.2224846889710119
0.04303536760450846	27100	284690.7171797509	1252343.9716045	-0.22732629663638326
0.044170565905867154	27200	290821.9380539918	1252785.1836536387	-0.23214030773083938
0.045305764207225846	27300	296938.03904257005	1253238.070535992	-0.23693665714733186
0.04644096250858454	27400	303051.0780157376	1253740.3131262471	-0.24171758285419465
0.04757616080994323	27500	309160.44895653625	1254313.791252247	-0.2464777562940492
0.04871135911130192	27600	315255.5488835642	1254890.064028119	-0.25122164715498146
0.049846557412660614	27700	321321.7235552899	1255499.1987847132	-0.2559314445332343
0.050981755714019306	27800	327365.72932858195	1256139.766026819	-0.26061250362612326
0.052116954015378	27900	333394.45926045335	1256798.709214786	-0.26527275753549207
0.05325215231673669	28000	339411.8025959307	1257451.886908548	-0.26992030957969804
0.05438735061809538	28100	345407.6939725109	1258096.4329508608	-0.2745478684510363
0.05552254891945407	28200	351367.1663061236	1258730.5501174133	-0.2791440680242077
0.056657747220812765	28300	357295.9763661554	1259385.4901110968	-0.28370660069669096
0.05779294552217146	28400	363170.1229643666	1260084.5312216543	-0.28821092074852506
0.05892814382353015	28500	369013.5937654523	1260783.3903899842	-0.2926859574595993
0.06006334212488884	28600	374818.69264741207	1261495.2798145332	-0.29712254864918597
0.06119854042624753	28700	380584.293844808	1262202.8354841308	-0.30152387805311104
0.062333738727606225	28800	386292.49304952193	1262913.3390694526	-0.3058741095680819
0.06346893702896551	28900	391973.34118755965	1263653.3469188856	-0.31019056147264773
0.0646041353303249	29000	397643.7854424723	1264393.9177477744	-0.3144935924326359
0.06573933363168429	29100	403289.79096012085	1265150.512656379	-0.31876823107264257
0.06687453193304367	29200	408905.03243829065	1265926.8548034653	-0.32300841939384645
0.06800973023440306	29300	414485.6411319794	1266707.4609132756	-0.32721496787675186
0.06914492853576244	29400	420042.4815591854	1267479.1642786744	-0.33139991046577294
0.07028012683712183	29500	425562.07806392014	1268237.8856303613	-0.33555382857246846
0.07141532513848121	29600	431033.3188847641	1268990.8966079424	-0.3396662025211776
0.0725505234398406	29700	436482.4684092518	1269766.1724860927	-0.3437502729771551
0.07368572174119999	29800	441905.5893826925	1270544.6437463406	-0.3478079983712223
0.07482092004255937	29900	447276.9837247365	1271363.7438537297	-0.3518088240969971
0.07595611834391876	30000	452612.9941801282	1272213.716395123	-0.35576805087641117
0.07709131664527814	30100	457911.02227228275	1273084.5945047035	-0.3596862488548407
0.07822651494663753	30200	463162.891637219	1273985.7876241242	-0.363554206127353
0.07936171324799692	30300	468317.3599238738	1274951.5542334563	-0.3673216902782176
0.0804969115493563	30400	473436.0225970723	1275926.6091178001	-0.37105270727476636
0.08163210985071569	30500	478494.3661630136	1276945.6443639733	-0.37471788112120014
0.08276730815207507	30600	483521.62484537833	1277963.0475185416	-0.3783533692810966
0.08390250645343446	30700	488537.075073294	1278969.1315520306	-0.38197722135830886
0.08503770475479384	30800	493529.3812724099	1279994.5775704333	-0.3855714625050846
0.08617290305615323	30900	498474.4870921995	1281075.71934534	-0.3891061859691883
0.08730810135751262	31000	503366.58050961373	1282116.0033045923	-0.39260611302893855
0.088443299658872	31100	508207.2984964652	1283136.5531756016	-0.39606641805871406
0.08957849796023139	31200	513009.98029480886	1284157.9318810487	-0.3994913456971341
0.09071369626159077	31300	517798.56300030893	1285201.9200191067	-0.40289277111616123
0.09184889456295016	31400	522569.6293498682	1286246.97328559	-0.4062747203322983
0.09298409286430954	31500	527306.4775955704	1287308.6069735992	-0.4096193210695939
0.09411929116566893	31600	531985.5922186772	1288399.3397673697	-0.412904272610642
0.09525448946702832	31700	536646.153489235	1289480.7980245836	-0.4161722720581404
0.0963896877683877	31800	541261.9866732048	1290544.3993088638	-0.41940593982126567
0.09752488606974709	31900	545800.2364443331	1291650.3595358252	-0.422560356535243
0.09866008437110647	32000	550306.2233351171	1292777.52721388	-0.42567743617968473
0.09979528267246586	32100	554786.5835290339	1293897.1643304394	-0.42877177477711115
0.10093048097382525	32200	559187.8629698104	1294984.5367180565	-0.43181045573485216
0.10206567927518463	32300	563537.9291568208	1296092.0092433	-0.4347977806651491
0.10320087757654402	32400	567852.892787116	1297195.5896398856	-0.43775425797181255
0.1043360758779034	32500	572097.0183332205	1298328.7374062296	-0.4406411118005001
0.10547127417926279	32600	576306.887643047	1299490.6623846607	-0.4434867477889234
0.10660647248062217	32700	580460.6444820629	1300658.249373714	-0.44628221499503284
0.10774167078198156	32800	584565.901281622	1301811.4551648584	-0.44904037290683846
0.10887686908334095	32900	588626.9927974159	1302965.8028456906	-0.4517593566245933
0.11001206738470033	33000	592643.974917432	1304128.7646304693	-0.454436702103845
0.11114726568605972	33100	596633.8175460035	1305293.198304062	-0.4570879694471682
0.1122824639874191	33200	600567.4172000026	1306490.5659148945	-0.4596798728350893
0.11341766228877849	33300	604468.1603287413	1307707.8054016759	-0.46223487986528666
0.11455286059013788	33400	608299.9663101183	1308957.1981508627	-0.464721052124127
0.11568805889149726	33500	612053.1991157404	1310217.6248965252	-0.4671385787258643
0.11682325719285665	33600	615810.8371015125	1311500.9073869763	-0.469546634419376
0.11795845549421603	33700	619527.5510681774	1312780.6668473051	-0.4719200752369377
0.11909365379557542	33800	623207.9940005214	1314033.087758334	-0.47427115786230234
0.1202288520969348	33900	626849.9420288724	1315267.4187151552	-0.47659505064089785
0.12136405039829419	34000	630476.3487545969	1316483.1701045865	-0.47890953950023485
0.12249924869965358	34100	634067.5895477007	1317699.3411089643	-0.4811929169017228
0.12363444700101296	34200	637633.9489655942	1318922.7943292249	-0.48345054896854733
0.12476964530237235	34300	641153.2197039716	1320160.580594578	-0.4856630542742058
0.12590484360373064	34400	644635.2096658552	1321421.9985049665	-0.4878344770975389
0.12704004190508864	34500	648070.0932419505	1322680.6508796264	-0.48996716842494253
0.12817524020644663	34600	651468.8692334436	1323978.3776910563	-0.49205400949943656
0.12931043850780463	34700	654833.7345438036	1325285.0106979972	-0.49410785548605707
0.13044563680916263	34800	658208.6342901548	1326599.091104689	-0.49616243423026135
0.13158083511052063	34900	661556.3003358657	1327921.2601129578	-0.4981894033985052
0.13271603341187863	35000	664828.9181996855	1329262.984489636	-0.500148522871073
0.13385123171323662	35100	668060.66886761	1330623.2955697863	-0.5020659649443006
0.13498643001459462	35200	671227.1980431699	1332019.446036225	-0.5039169661078022
0.13612162831595262	35300	674344.5247068407	1333435.9148030924	-0.5057194854440535
0.13725682661731062	35400	677395.3882957425	1334902.717216913	-0.5074492542108371
0.13839202491866862	35500	680438.158648829	1336419.134800394	-0.5091502665071153
0.1395272232200266	35600	683428.0735553448	1337968.5554236397	-0.5107953178607786
0.1406624215213846	35700	686390.1361858288	1339566.007633509	-0.5123973975708839
0.1417976198227426	35800	689341.9783026131	1341152.5102618155	-0.5139922365488784
0.1429328181241006	35900	692252.8082386259	1342753.2549316394	-0.5155472948556501
0.1440680164254586	36000	695157.0055667777	1344377.6932569346	-0.5170846028266557
0.1452032147268166	36100	698015.5549362104	1345983.7575298452	-0.5185913656322356
0.1463384130281746	36200	700851.121970041	1347629.9021937805	-0.5200620146741617
0.1474736113295326	36300	703664.2921632807	1349300.9578800485	-0.5215028478663807
0.1486088096308906	36400	706424.3498144326	1351001.8163483236	-0.5228892672578745
0.1497440079322486	36500	709156.9158255648	1352724.6927802064	-0.5242433435350841
0.1508792062336066	36600	711846.3052549907	1354437.9757655936	-0.5255658199133267
0.1520144045349646	36700	714517.8420513591	1356134.1473017426	-0.5268784385917963
0.1531496028363226	36800	717150.3162474268	1357797.749243077	-0.5281716784750985
0.1542848011376806	36900	719708.8632447147	1359511.3728907588	-0.5293878945009353
0.1554199994390386	37000	722231.2036225835	1361211.5293425105	-0.5305796990798587
0.15655519774039658	37100	724718.4710402387	1362905.343514465	-0.531745270857504
0.15769039604175458	37200	727139.1446556721	1364601.2057998877	-0.5328583483329441
0.15882559434311258	37300	729498.1392597442	1366347.3382613354	-0.5339038755606784
0.15996079264447058	37400	731781.3943386818	1368153.2813727127	-0.5348679890636682
0.16109599094582858	37500	734034.8323721781	1369987.0127673103	-0.5357969276580672
0.16223118924718657	37600	736246.5964412997	1371867.244337899	-0.5366748127269652
0.16336638754854457	37700	738417.5719718668	1373779.7584924009	-0.5375079720072549
0.16450158584990257	37800	740519.8180587109	1375725.4062699955	-0.5382758904383996
0.16563678415126057	37900	742585.1156362756	1377670.4389439656	-0.5390150609644307
0.16677198245261857	38000	744645.6291807211	1379632.5886328015	-0.5397419829859597
0.16790718075397656	38100	746707.1519744413	1381594.2166456985	-0.540467774819826
0.16904237905533456	38200	748710.1991046033	1383547.2344332258	-0.5411526115415312
0.17017757735669256	38300	750702.5583495654	1385486.941574128	-0.5418330089034623
0.17131277565805056	38400	752627.6545831985	1387464.0074204877	-0.5424484170817886
0.17244797395940856	38500	754540.5324376763	1389482.7083141967	-0.5430370078898858
0.17358317226076656	38600	756383.4516602024	1391545.6739424646	-0.5435563243262083
0.17471837056212455	38700	758221.8121675275	1393606.0787984936	-0.5440718318488057
0.17585356886348255	38800	759984.9842125234	1395643.8169261524	-0.5445407882695735
0.17698876716484055	38900	761695.736473148	1397664.3932700586	-0.5449775640996616
0.17812396546619855	39000	763389.6948127049	1399665.6739812281	-0.5454085993559511
0.17925916376755655	39100	765054.0208467178	1401642.1298260388	-0.5458269301177973
0.18039436206891454	39200	766684.185560627	1403629.684215948	-0.5462154257509083
0.18152956037027254	39300	768260.105498374	1405655.1555673853	-0.5465494879419909
0.18266475867163054	39400	769763.8123027782	1407715.1898782512	-0.5468178633274197
0.18379995697298854	39500	771198.6859358139	1409766.8566876613	-0.54703987562014
0.18493515527434654	39600	772613.1847098467	1411817.9949812822	-0.5472470158733811
0.18607035357570453	39700	773963.0433397945	1413843.580577014	-0.5474177299188406
0.18720555187706253	39800	775276.0841663894	1415811.4088446382	-0.5475842893504068
0.18834075017842053	39900	776567.4935304425	1417729.223679787	-0.5477544516680151
0.18947594847977853	40000	777862.6930358523	1419585.9154356546	-0.5479504160881556
0.19061114678113653	40100	779127.5651674541	1421428.624611268	-0.548129924835677
0.19174634508249452	40200	780365.0368911724	1423230.3574575388	-0.5483055029020164
0.19288154338385252	40300	781594.0019485524	1424913.604190115	-0.5485202749487333
0.19401674168521052	40400	782764.6043320848	1426621.6004050365	-0.548684110846105
0.19515193998656852	40500	783923.3973897924	1428363.3401653466	-0.5488263212489378
0.19628713828792652	40600	785164.0771316194	1430067.0267908382	-0.5490400536634831
0.19742233658928451	40700	786372.7770301402	1431754.127870245	-0.5492373038937077
0.1985575348906425	40800	787419.0031321205	1433363.27360639	-0.5493506200636409
0.1996927331920005	40900	788350.0056623606	1434961.9710346463	-0.5493873855722734
0.2008279314933585	41000	789241.8587680549	1436576.6059533358	-0.5493907220104709
0.2019631297947165	41100	790255.5372087138	1438245.5401178105	-0.5494580133681359
0.2030983280960745	41200	791202.9828870982	1439856.674529815	-0.5495012086154099
0.2042335263974325	41300	792141.6073224363	1441409.059476983	-0.5495605859518226
0.2053687246987905	41400	792907.076222383	1442812.244612285	-0.5495566586596681
0.2065039230001485	41500	793547.1914557648	1444220.0648369335	-0.5494641784701724
0.2076391213015065	41600	793777.8143155908	1445558.3071951205	-0.5491150445918659
0.2087743196028645	41700	793669.5567790498	1446857.2334029772	-0.5485472501750266
0.2099095179042225	41800	793388.8990214526	1448074.4174390004	-0.5478923524003723
0.2110447162055805	41900	792604.0258973144	1449215.4753487268	-0.5469193776768005
0.2121799145069385	42000	792568.9936195744	1450587.8553906027	-0.5463777948190237
0.2133151128082965	42100	793437.7610552202	1452000.6769011428	-0.546444484274328
0.21445031110965448	42200	793126.0596295113	1453373.7965552048	-0.5457137465319545
0.21558550941101248	42300	793141.7654707446	1454795.6283738422	-0.5451911938705174
0.21672070771237048	42400	794001.492781436	1456154.9432285624	-0.545272669281326
0.21785590601372848	42500	794169.7384950372	1457513.6175710899	-0.5448798068991638
0.21899110431508648	42600	794111.3945947295	1458820.6319344626	-0.544351633923426
0.22012630261644447	42700	794339.0531275574	1459954.527842811	-0.5440847902990863
0.22126150091780247	42800	793821.247709195	1460956.8562497848	-0.5433570774614802
0.22239669921916047	42900	793135.873225536	1461981.7234808537	-0.542507379187441
0.22353189752051847	43000	792938.5324680841	1463488.3722923368	-0.541814029739139
0.22466709582187647	43100	791359.1422841048	1465017.1480880629	-0.5401705661376571
0.22580229412323446	43200	788953.140508417	1466665.824846309	-0.5379229045519561
0.22693749242459246	43300	785942.2017591713	1467925.397481768	-0.5354101803180586
0.22807269072595046	43400	780354.3592504862	1468787.3615832748	-0.5312915808380225
0.22920788902730846	43500	773888.6363836786	1469584.7019627427	-0.526603628460538
0.23034308732866646	43600	768312.3326974967	1470966.993982506	-0.5223178601834992
0.23147828563002446	43700	763397.2100128251	1472300.493326072	-0.5185063874346978
0.23261348393138245	43800	758336.9753562254	1473934.7408022261	-0.5144983386058744
0.23374868223274045	43900	752144.5872971069	1474913.0167768912	-0.5099586068748372
0.23488388053409845	44000	744369.8585948774	1475589.7245958038	-0.5044558431028493
0.23601907883545645	44100	738498.2199973887	1476076.0031637698	-0.5003117850398742
0.23715427713681445	44200	733274.0102800619	1475291.0003819272	-0.49703686261912394
0.23828947543817244	44300	727357.8156055638	1474492.6303252352	-0.4932936256487951
0.23942467373953044	44400	722621.6020817014	1474088.2170046791	-0.49021598147637024
0.24055987204088844	44500	714946.0184436959	1473937.8591429023	-0.4850584534543663
0.24169507034224644	44600	710063.6185745475	1474183.6288698728	-0.4816656518692254
0.24283026864360444	44700	711850.4444293655	1475216.2432721062	-0.4825397277692959
0.24396546694496243	44800	708362.2185475022	1475840.6320693286	-0.4799720262168703
0.24510066524632043	44900	703223.8681836816	1476066.0316190824	-0.47641762165092455
0.24623586354767843	45000	702396.9281711985	1476402.682042242	-0.47574888390178494
0.24737106184903643	45100	697779.1840100234	1476463.4971393473	-0.4726017171179462
0.24850626015039443	45200	693233.7257343555	1477330.0230154255	-0.46924770696758333
0.24964145845175242	45300	692008.2831639493	1478322.086619876	-0.4681038654750795
0.25077665675311234	45400	688184.457812267	1478953.8759618667	-0.4653184044463136
0.2519118550544731	45500	678010.0337268615	1478749.953290869	-0.4585021505616896
0.2530470533558339	45600	668324.4245773328	1478435.6349020703	-0.4520483738350921
0.25418225165719466	45700	669333.5832473678	1479281.6053015566	-0.45247205187204487
0.25531744995855543	45800	665974.6277489003	1479369.0572885808	-0.4501747717837987
0.2564526482599162	45900	654292.9440416452	1478789.3329489562	-0.4424517606824187
0.257587846561277	46000	649521.6386635915	1480236.399107772	-0.4387958835866335
0.25872304486263775	46100	647484.2611377483	1481820.0004444732	-0.4369520325974375
0.2598582431639985	46200	632145.1683687746	1483568.1303796999	-0.426097834958874
0.2609934414653593	46300	611078.5431934982	1484661.3933623743	-0.4115945534284846
0.2621286397667201	46400	612716.9750213387	1485110.593197351	-0.41257329779204993
0.26326383806808085	46500	613848.5544041173	1486119.2221745343	-0.41305471677158956
0.2643990363694416	46600	608763.0659352865	1486908.3715333794	-0.4094153194574441
0.2655342346708024	46700	603626.4659107027	1485998.0505491567	-0.40620946015886766
0.26666943297216317	46800	603837.4224837024	1487119.5910287707	-0.4060449651301919
0.26780463127352394	46900	601642.9110759061	1488375.2945868142	-0.4042279613643596
0.2689398295748847	47000	595578.1936639488	1489680.5845563414	-0.39980261529777855
0.2700750278762455	47100	590408.119072193	1490943.6006286214	-0.39599627968707957
0.27121022617760626	47200	585496.6486418494	1491960.8947285942	-0.3924343129304058
0.27234542447896704	47300	574677.3430468233	1492196.2319227739	-0.3851218296579674
0.2734806227803278	47400	558944.057974718	1492440.791406491	-0.3745167387497923
0.2746158210816886	47500	552830.4371848501	1492465.195021595	-0.37041429108626617
0.27575101938304936	47600	549833.0025591092	1493230.0339661299	-0.36821721372608074
0.27688621768441013	47700	541445.4923022443	1492285.6275377814	-0.36282966364529706
0.2780214159857709	47800	529127.0764481444	1488963.1617583502	-0.3553661299607213
0.2791566142871317	47900	516817.21840786736	1478465.7094208107	-0.3495632094235927
0.28029181258849245	48000	507385.43251523597	1476784.1935035745	-0.34357452818579876
0.2814270108898532	48100	510934.7693612903	1477639.1815801177	-0.3457777620751236
0.282562209191214	48200	511078.2995483511	1478892.2070699655	-0.34558184640171835
0.28369740749257477	48300	509955.1589194357	1479080.0992708106	-0.3447785952706987
0.28483260579393554	48400	509920.9227336828	1479748.8929067682	-0.3445996311793223
0.2859678040952963	48500	509990.43945999886	1480368.7146821222	-0.3445023083789693
0.2871030023966571	48600	509311.9808276715	1481128.7163534334	-0.34386746756325615
0.28823820069801787	48700	509716.62852945295	1482183.301090239	-0.34389581110145034
0.28937339899937864	48800	509536.11646036623	1483431.7278929565	-0.34348470973052697
0.2905085973007394	48900	510279.6718681401	1484581.3865385777	-0.34371956734409737
0.2916437956021002	49000	510689.5432079348	1485782.04380592	-0.3437176706616893
0.29277899390346096	49100	510807.8369401763	1486955.96242948	-0.3435258675082664
0.29391419220482173	49200	511890.9969160041	1488020.0125484865	-0.34400814007823993
0.2950493905061825	49300	511934.2327777365	1489001.203951966	-0.3438104894871872
0.2961845888075433	49400	512434.42100967106	1489925.3608301831	-0.3439329475700338
0.29731978710890405	49500	512998.4665873897	1490882.4746259423	-0.34409048018094074
0.29845498541026483	49600	512998.8787094519	1491834.511623599	-0.3438711698331358
0.2995901837116256	49700	513700.8736579676	1492713.7753886294	-0.34413889797742714
0.3007253820129864	49800	514388.41155445366	1493611.7299551524	-0.3443923218050108
0.30186058031434715	49900	515095.6293459647	1494706.8634552557	-0.3446131425095876
0.3029957786157079	50000	515657.7441316532	1495770.4316955935	-0.3447439080254499
0.3041309769170687	50100	516143.5784455949	1496673.2535127543	-0.34486056140455806
0.30526617521842947	50200	516396.39203526964	1497517.060862932	-0.34483506434157113
0.30640137351979024	50300	516924.57147638267	1498432.1358624536	-0.3449769656594131
0.307536571821151	50400	517786.3161745978	1499323.2264708567	-0.34534669178264904
0.3086717701225118	50500	518488.2943471881	1500245.7057257858	-0.3456022519300296
0.30980696842387256	50600	518991.379072319	1501438.3613397146	-0.34566279404852124
0.31094216672523334	50700	518557.2207636436	1502934.4982684988	-0.34502982090108597
0.3120773650265941	50800	517870.34393902496	1504267.909959721	-0.34426736122616064
0.3132125633279549	50900	517635.14934149245	1505569.1167445132	-0.3438136074820485
0.31434776162931566	51000	517651.9044315298	1506670.0378203478	-0.34357350411003096
0.31548295993067643	51100	516049.35728696524	1507276.6019442095	-0.3423720348483631
0.3166181582320372	51200	512369.6864619588	1506564.4686351272	-0.34009144456070994
0.317753356533398	51300	508333.6944615481	1505877.7054583575	-0.33756638578218545
0.31888855483475875	51400	509737.94070974353	1506697.8010366573	-0.3383146509930705
0.3200237531361195	51500	509333.7195953791	1507371.2494490144	-0.33789533917510667
0.3211589514374803	51600	504064.5697533216	1506598.2063214297	-0.33457133271389305
0.3222941497388411	51700	487953.4585738793	1502518.612418432	-0.32475701434971016
0.32342934804020185	51800	456008.97884049616	1506365.7853195025	-0.3027212801064623
0.3245645463415626	51900	432176.3189471197	1505817.2692293453	-0.28700449103515796
0.3256997446429234	52000	429781.6628214649	1507026.6237681783	-0.28518518255957304
0.32683494294428417	52100	430932.01259759185	1507730.134241788	-0.28581508242806347
0.32797014124564494	52200	429895.36333560507	1508275.1287212197	-0.28502449927692486
0.3291053395470057	52300	428618.7740608317	1508444.3454996415	-0.284146230081071
0.3302405378483665	52400	427288.6125681631	1507887.4305310731	-0.28336903930399726
0.33137573614972726	52500	424355.6808596169	1506207.7777329204	-0.281737810103689
0.33251093445108804	52600	417887.95309013966	1504412.6968482037	-0.2777748113703303
0.3336461327524488	52700	405160.535105794	1500356.292073006	-0.2700428806453656
0.3347813310538096	52800	394616.729930519	1500769.9219342277	-0.26294285630533404
0.33591652935517036	52900	397682.75407854153	1501510.459716566	-0.26485513404522704
0.33705172765653113	53000	397421.50852575083	1502036.5519770905	-0.2645884402763938
0.3381869259578919	53100	396675.6839804407	1502444.9444866395	-0.2640201129739088
0.3393221242592527	53200	397407.2591508485	1503194.4595862222	-0.26437514894795516
0.34045732256061345	53300	396701.6196097483	1503992.9836558497	-0.26376560523936815
0.3415925208619742	53400	397373.11322574865	1504701.7520630267	-0.26408762579091094
0.342727719163335	53500	397851.85315047804	1505193.0290579614	-0.2643194895736909
0.34386291746469577	53600	398239.81330297247	1505632.553222787	-0.2645000019762759
0.34499811576605655	53700	399413.4805069088	1505830.5861035383	-0.2652446325588487
0.3461333140674173	53800	400105.06715160434	1505953.526434345	-0.265682214044769
0.3472685123687781	53900	400908.73123481724	1505848.71938591	-0.26623440062313103
0.34840371067013887	54000	401850.6476712823	1505794.33312508	-0.26686954441998306
0.34953890897149964	54100	402816.48744341015	1505671.2730569788	-0.2675328238318368
0.3506741072728604	54200	404457.5084231038	1505665.4741291935	-0.2686237516716807
0.3518093055742212	54300	405198.6643052207	1505562.2325641385	-0.26913445059997465
0.35294450387558196	54400	406347.4562191066	1505500.7975737662	-0.2699084961455801
0.35407970217694273	54500	406938.23542434623	1505274.7939059287	-0.27034149317574874
0.3552149004783035	54600	406953.45759681036	1504951.1421651307	-0.2704097469977251
0.3563500987796643	54700	408148.29648810346	1504850.9258399196	-0.2712217466060959
0.35748529708102506	54800	408542.99394035985	1504483.775656516	-0.27155028226348454
0.35862049538238583	54900	409595.1514329364	1504169.1611438075	-0.2723065742961185
0.3597556936837466	55000	410510.9641210374	1503770.8324642733	-0.27298771545417
0.3608908919851074	55100	410864.46931523667	1503204.3774762035	-0.273325753617785
0.36202609028646815	55200	412347.8748369085	1503109.4859360242	-0.2743298999141962
0.3631612885878289	55300	413353.44153714017	1502831.6528232556	-0.27504973079360184
0.3642964868891897	55400	414557.6982989694	1502677.918393508	-0.2758792774050791
0.36543168519055047	55500	415850.9992598481	1502559.7996537744	-0.2767616965099626
0.36656688349191124	55600	416774.23179491766	1502246.5612561104	-0.277433972920151
0.367702081793272	55700	418095.14398159104	1502012.088012979	-0.2783567105206801
0.3688372800946328	55800	418378.62262058345	1501586.4901546552	-0.27862439184405074
0.36997247839599356	55900	419238.1802743805	1501237.5027948858	-0.2792617287363764
0.37110767669735434	56000	419195.4924575543	1500712.2679228443	-0.2793310226201911
0.3722428749987151	56100	419063.33600953646	1500118.944960758	-0.2793534055531169
0.3733780733000759	56200	419970.36944797274	1499940.9528236843	-0.27999126809449787
0.37451327160143666	56300	419146.14434274577	1499579.49872897	-0.2795091188549925
0.37564846990279743	56400	418040.69536305807	1499045.8741513153	-0.2788711823777453
0.3767836682041582	56500	417679.2404906519	1499144.0626509236	-0.2786118098297193
0.377918866505519	56600	417334.06154005846	1499388.6540673005	-0.2783361474744935
0.37905406480687975	56700	415787.07515612314	1499351.9677964773	-0.27731118782415354
0.3801892631082405	56800	415603.6657487692	1499548.046582899	-0.2771526172141184
0.3813244614096013	56900	416031.75896002766	1500002.585759464	-0.2773540278594835
0.3824596597109621	57000	415277.1736324703	1500133.039767127	-0.27682689643108976
0.38359485801232285	57100	415520.8580103935	1500250.5024787548	-0.2769676512848078
0.3847300563136836	57200	416038.21041205927	1500307.826797246	-0.2773018996376157
0.3858652546150444	57300	416272.7254737895	1500355.3631403781	-0.2774494201177069
0.38700045291640517	57400	417232.82733320905	1500591.2270779682	-0.278045626153411
0.38813565121776594	57500	417328.83016693604	1500603.87128263	-0.2781072594529743
0.3892708495191267	57600	417772.5159481589	1500446.1783926738	-0.2784321903473341
0.3904060478204875	57700	418449.7547308051	1500318.7249461068	-0.2789072400238398
0.39154124612184826	57800	419613.9804109538	1500310.9399369187	-0.27968467685011794
0.39267644442320904	57900	420755.6236850757	1500342.3313997765	-0.2804397469026437
0.3938116427245698	58000	422739.6805062898	1500610.286180621	-0.28171183711012276
0.3949468410259306	58100	424417.2915393781	1500836.005850786	-0.2827872531608053
0.39608203932729136	58200	426142.0769582838	1500983.8647705275	-0.2839084995916548
0.39721723762865213	58300	427903.28306931927	1501010.529578085	-0.28507680301856203
0.3983524359300129	58400	429536.6136462457	1501159.0420425655	-0.28613664616228324
0.3994876342313737	58500	431652.31087681174	1501358.0046568993	-0.2875079158587867
0.40062283253273445	58600	433088.35582963604	1501323.7668633154	-0.2884709916598993
0.4017580308340952	58700	435235.1268436107	1501522.3047037828	-0.28986257845132246
0.402893229135456	58800	436275.99502655584	1501600.7137328412	-0.2905406151159944
0.4040284274368168	58900	438047.67235333787	1501810.2371086676	-0.29167977520028165
0.40516362573817755	59000	438952.7222999459	1501660.495046579	-0.292311560268042
0.4062988240395383	59100	440136.1587455392	1501552.0369194243	-0.2931208162778828
0.4074340223408991	59200	441203.0078562119	1501628.0048194784	-0.2938164488409712
0.40856922064225987	59300	442446.41902579786	1502051.1538733477	-0.29456148539605914
0.40970441894362064	59400	443724.38322056143	1502411.1747131574	-0.29534150882848564
0.4108396172449814	59500	444431.73729920905	1502513.1074934017	-0.2957922530477231
0.4119748155463422	59600	445657.9837395132	1502644.7539059224	-0.2965823975234901
0.41311001384770296	59700	446269.652716551	1502560.3493705515	-0.29700614215162874
0.41424521214906374	59800	447188.468477951	1502880.1874911112	-0.2975543041953874
0.4153804104504245	59900	448351.91862380906	1503398.2247106521	-0.2982256538916028
0.4165156087517853	60000	449117.55837323033	1503816.3206035183	-0.29865187138878
0.41765080705314606	60100	450389.2239281179	1504316.980356229	-0.29939781961476214
0.41878600535450683	60200	451177.5989845149	1504669.030759836	-0.29985172138265964
0.4199212036558676	60300	451941.7772431822	1504746.5740128914	-0.30034411444974013
0.4210564019572284	60400	452742.83618270094	1504956.4658548778	-0.30083450681447066
0.42219160025858915	60500	453076.1519207625	1504890.2598346055	-0.3010692301048966
0.4233267985599499	60600	454314.39482614095	1505246.65637917	-0.30182056402568724
0.4244619968613107	60700	455326.9188426967	1505562.7257726027	-0.3024297234836487
0.42559719516267147	60800	456347.46790242865	1505907.503703503	-0.303038179157834
0.42673239346403224	60900	457525.1005793804	1506152.2262324537	-0.30377082250434345
0.427867591765393	61000	458132.8454841601	1506476.2856060138	-0.30410889959669424
0.4290027900667538	61100	459410.41127821396	1506987.3582938022	-0.3048535269720871
0.43013798836811457	61200	459856.5306733876	1507488.016538418	-0.3050482163893661
0.43127318666947534	61300	460625.2713956414	1508045.8797222297	-0.305445131072859
0.4324083849708361	61400	461472.8895570262	1508555.8766172167	-0.30590374324869707
0.4335435832721969	61500	461989.151066603	1509045.125196707	-0.3061466773608787
0.43467878157355766	61600	460059.96244858205	1507922.3798798874	-0.3050952546279125
0.43581397987491843	61700	455228.0485462622	1506939.2397549981	-0.3020878589771637
0.4369491781762792	61800	458612.0550016121	1507609.0034606091	-0.3041982728604703
0.43808437647764	61900	459745.8008145179	1508226.4318030616	-0.30482545002536443
0.43921957477900075	62000	460979.8075017035	1508628.3834394505	-0.3055621997849049
0.44035477308036153	62100	461815.8858500463	1508951.2937888585	-0.3060508896151729
0.4414899713817223	62200	461493.24215460295	1509158.8719546734	-0.305795003250303
0.4426251696830831	62300	461317.3983576505	1509249.5897195046	-0.30566011181979963
0.44376036798444385	62400	460603.3684696215	1509291.8792878136	-0.3051784580507817
0.4448955662858046	62500	460625.5985551961	1509292.763765538	-0.30519300801918653
0.4460307645871654	62600	459761.74256958	1509095.4954728102	-0.30466046976406447
0.44716596288852617	62700	458445.7328635865	1508820.7237497538	-0.3038437407754099
0.44830116118988694	62800	458401.51254939515	1509177.7064023265	-0.30374256829049096
0.4494363594912477	62900	457221.8030002905	1509185.1302379642	-0.30295938771156394
0.4505715577926085	63000	456847.6662524624	1509112.009108501	-0.3027261485529775
0.45170675609396926	63100	456699.2735823754	1509143.4916105168	-0.3026215042646464
0.45284195439533004	63200	455709.9686068649	1508886.517829214	-0.30201739045457177
0.4539771526966908	63300	456236.55421672633	1509012.7507430727	-0.3023410862446755
0.4551123509980516	63400	455560.5695766885	1508917.8384296033	-0.3019121107686091
0.45624754929941236	63500	455040.43259755307	1508867.7636868244	-0.30157741026005497
0.45738274760077313	63600	455341.1190792947	1508920.12480902	-0.3017662178353715
0.4585179459021339	63700	454456.75439886656	1509003.2357396833	-0.3011635387091141
0.4596531442034947	63800	455230.48556840344	1509107.5612693215	-0.30165542685738433
0.46078834250485545	63900	455438.80053476436	1509351.9599039843	-0.3017445981013842
0.4619235408062162	64000	454017.4657875794	1509259.9871250843	-0.30082124329845594
0.463058739107577	64100	454023.5229014604	1509325.449880465	-0.3008122091477474
0.4641939374089378	64200	452852.87950984726	1509178.3607599428	-0.30006584462410024
0.46532913571029855	64300	452133.12272546627	1509234.208813286	-0.29957783893659523
0.4664643340116593	64400	452167.6817152927	1509529.3141194494	-0.29954216687673585
0.4675995323130201	64500	449925.3422665465	1509326.405632956	-0.2980967805157191
0.46873473061438087	64600	448488.9230454527	1509301.0744023155	-0.29715007207760363
0.46986992891574164	64700	447173.34871036885	1509470.7016980995	-0.29624513295111665
0.4710051272171024	64800	444327.48163450405	1509335.7442991792	-0.2943861121110704
0.4721403255184632	64900	443267.8855493374	1509451.8289328204	-0.29366149820277937
0.47327552381982396	65000	441040.9250604445	1509180.808456954	-0.29223862547747487
0.47441072212118474	65100	438735.57455134066	1508704.7072452235	-0.2908028141255272
0.4755459204225455	65200	437756.1244018416	1508665.657222046	-0.2901611250354143
0.4766811187239063	65300	433873.2016175551	1508128.020833178	-0.2876899014036343
0.47781631702526706	65400	424149.4911151702	1506043.1611295014	-0.281631696927641
0.47895151532662783	65500	414330.2084208208	1503248.716608745	-0.27562319118790224
0.4800867136279886	65600	416344.0472395172	1503903.6211892357	-0.2768422400035758
0.4812219119293494	65700	417055.0384083979	1504185.8466117796	-0.2772629720907333
0.48235711023071015	65800	416345.6719901784	1504255.8441694486	-0.27677849722435827
0.4834923085320709	65900	417523.42072223825	1504509.5854851704	-0.27751462985036174
0.4846275068334317	66000	417126.9593488655	1504437.026012575	-0.2772644864068766
0.48576270513479247	66100	417610.91749226244	1504285.7881041183	-0.27761408157593903
0.48689790343615325	66200	417548.1152135497	1504225.839260982	-0.2775833949366864
0.488033101737514	66300	416936.8487936385	1503783.1465440558	-0.27725862585428546
0.4891683000388748	66400	417877.5533212233	1503867.2131309372	-0.2778686506844138
0.49030349834023557	66500	418304.97576987447	1503856.6672057814	-0.2781548168065111
0.49143869664159634	66600	418342.55922697927	1503603.6198149421	-0.27822662416739014
0.4925738949429571	66700	418929.1860111314	1503796.8260114465	-0.27858097501260626
0.4937090932443179	66800	419406.3327965676	1503953.7752612112	-0.2788691645284935
0.49484429154567866	66900	420031.85834329855	1504139.6031729316	-0.279250581167636
0.49597948984703943	67000	421159.03271371324	1504420.3294777756	-0.2799477143863835
0.4971146881484002	67100	422331.68934269145	1504690.4178498955	-0.28067679858437317
0.498249886449761	67200	423587.88655314525	1504992.6601653222	-0.2814551178652356
0.49938508475112175	67300	422810.42426711734	1503235.695279881	-0.28126688688588924
0.5005202830524825	67400	422188.501060405	1502358.6321024892	-0.2810171233679202
0.5016554813538433	67500	423788.2455612639	1501982.401071586	-0.28215260395788466
0.5027906796552041	67600	423547.4792494722	1501507.7404119216	-0.28208144909947436
0.5039258779565648	67700	424102.21321773797	1501058.8858489855	-0.28253536034855126
0.5050610762579256	67800	424922.8852893183	1500951.8809631157	-0.28310227041832814
0.5061962745592864	67900	425366.33394257934	1500542.783068618	-0.2834749790157285
0.5073314728606472	68000	425919.696151615	1500393.0636573054	-0.2838720775697324
