# exz		ezz		i		sxz		szz		tanPhi		tens_media
0.0	0.995012354811984	100	5.64814963497794e-07	0.011402775568649985	-4.9533112363507165e-05	-0.11663417141466137
0.0	0.9900495862284893	200	1.498367439023308e-09	0.016604478723687737	9.023875208354214e-08	-0.008295478985378033
0.0	0.9851115701738395	300	0.0	0.0	0	0.0
0.0	0.980198183191203	400	0.0	0.0	0	0.0
0.0	0.9753093024395073	500	0.0	0.0	0	0.0
0.0	0.9704448056903675	600	0.0	0.0	0	0.0
0.0	0.9656045713250309	700	0.0	0.0	0	0.0
0.0	0.9607884783313355	800	0.0	0.0	0	0.0
0.0	0.9559964063006856	900	0.0	0.0	0	0.0
0.0	0.9512282354250395	1000	8.77950902297778e-05	0.0022415384980630543	0.03916733542860977	-10.08272911919285
0.0	0.946483846493917	1100	0.03007119265228105	121.19193007873957	-0.000248128671873973	-75.22611147515617
0.0	0.941763120891417	1200	0.6391241635850281	125.37712645290289	0.005097613748749546	-85.05705408687449
0.0	0.9370659405932522	1300	3.6079365602440596	66.24012084831399	-0.0544675419374011	-72.55587469310477
0.0	0.9323921881637983	1400	4.9360909643065085	70.90587464211532	-0.06961469679657069	-65.3333620212829
0.0	0.9277417467531595	1500	4.65298202065378	68.92758662481882	-0.06750536684216907	-55.27462794600985
0.0	0.9231145000942449	1600	1.4588158692563644	130.12004254049015	-0.01121130796435466	-78.89303073838674
0.0	0.918510332499862	1700	11.290872937735664	191.29723577936235	0.059022666437053416	-122.78991455555176
0.0	0.9139291288598262	1800	6.8770901054836235	533.2297161112635	-0.012897049616133268	-333.96295859351244
0.0	0.9093707746380806	1900	33.9244158627019	2394.4880562420835	-0.01416771145475788	-1329.5823034947819
0.0	0.9048351558698351	2000	23.648306808960754	13421.839436131004	-0.0017619274110298583	-7064.941202530146
0.0	0.9003221591587132	2100	51.938942892768196	69382.24519623553	-0.0007485912677784928	-34850.45414292973
0.0	0.8958316716739212	2200	32.00298289386796	129425.13707422602	-0.0002472702259956972	-74689.90309504286
0.0	0.8913635811474243	2300	56.00710749181707	186029.94795471372	-0.0003010650065087971	-117170.34323052644
0.0	0.8869177758711417	2400	29.719737928394746	240825.41185630424	-0.00012340781522727313	-165071.7287697302
0.0	0.8824941446941523	2500	34.658607621050635	258620.93436853366	-0.0001340131559947977	-200044.23737763008
0.0	0.8780925770199166	2600	0.006801096992019827	236402.8929213326	-2.876909376182218e-08	-175270.4282908683
0.0	0.8737129628035107	2700	0.04161309492541664	313289.82615734224	-1.3282619303608497e-07	-227769.4900763049
0.0	0.8693551925488767	2800	0.00020824536716795036	390673.87499355455	-5.330414458130482e-10	-302493.2490959471
0.0	0.8650191573060834	2900	3.0614656284794394e-05	469909.0664190495	6.515017153870628e-11	-378313.48780455464
0.0	0.8607047486686039	3000	6.453658187748353e-05	551073.8174283943	1.1711059360186225e-10	-455257.73461542785
0.0	0.8564118587706044	3100	1.3994821164653524e-05	634202.4270119288	-2.2066804806457e-11	-533337.8208797256
0.0	0.8521403802842474	3200	5.960625547681012e-06	719331.5887656381	8.286339208193753e-12	-612566.6424010614
0.002039826330691855	0.8499276377882723	3300	8546.453423291927	764398.5587247774	-0.011180624722199519	-654209.1495747439
0.006289464519633224	0.8499276377882723	3400	26351.127252637132	764359.0872589345	-0.03447480077346214	-654076.3270286733
0.010539102708574593	0.8499276377882723	3500	44154.51708724544	764279.938432375	-0.057772701947157445	-653808.2181313256
0.014788740897515962	0.8499276377882723	3600	61955.807828678706	764160.9145833666	-0.08107691278931488	-653404.7321966758
0.019038379086457193	0.8499276377882723	3700	79754.15035656611	764001.9218009509	-0.10438998657040661	-652865.8514351811
0.02328801727539839	0.8499276377882723	3800	97548.70557003189	763802.812375318	-0.12771451477989365	-652191.5405173529
0.027537655464339585	0.8499276377882723	3900	115338.60069904488	763563.4935967422	-0.15105305801845761	-651381.8110814301
0.031787293653280785	0.8499276377882723	4000	133123.02257727148	763283.8630080173	-0.1744082759101553	-650436.6804194442
0.03603693184222198	0.8499276377882723	4100	150901.12064345914	762963.6972412317	-0.19778283185569137	-649356.1086933819
0.04028657003116318	0.8499276377882723	4200	168672.06139273592	762602.7940326786	-0.2211794432338627	-648140.0807893466
0.04453620822010437	0.8499276377882723	4300	186435.04844746296	762200.9808419746	-0.24460090334902904	-646788.6117603189
0.04878584640904557	0.8499276377882723	4400	204189.26806430495	761758.0118286015	-0.2680500433125058	-645301.6854971809
0.053035484597986765	0.8499276377882723	4500	221933.88583470162	761273.5830998138	-0.2915297348569666	-643679.2663112325
0.05728512278692796	0.8499276377882723	4600	239668.10967003542	760747.4201488275	-0.31504294766211416	-641921.3467814224
0.06153476097586916	0.8499276377882723	4700	257391.20173097024	760179.261473388	-0.33859276985811443	-640027.936463357
0.06578439916481035	0.8499276377882723	4800	275102.3416921236	759568.7264374862	-0.3621822912357161	-637998.9918942429
0.07003403735375155	0.8499276377882723	4900	292800.7444365156	758915.4419893607	-0.3858147143099249	-635834.4851941197
0.07428367554269275	0.8499276377882723	5000	310133.7154103976	757826.4612562392	-0.4092410746601444	-633548.6521900814
0.07853331373163394	0.8499276377882723	5100	326102.00989178696	755211.7235013596	-0.431802102303037	-631170.0391952926
0.08278295192057514	0.8499276377882723	5200	340747.00399992464	751076.2779484835	-0.4536782934093634	-628681.7676845858
0.08703259010951633	0.8499276377882723	5300	355461.4267763329	746921.6553512657	-0.47590188907987263	-626054.362674898
0.09128222829845753	0.8499276377882723	5400	370216.9089812334	742758.5917814419	-0.49843504077590045	-623287.2296584911
0.09553186648739873	0.8499276377882723	5500	385019.36368175957	738608.8569463388	-0.5212763969194211	-620380.2530223569
0.09978150467633992	0.8499276377882723	5600	397875.9133443993	738789.8480748961	-0.5385508671798424	-619334.6843505971
0.10403114286528112	0.8499276377882723	5700	408641.73755078495	743355.9697596628	-0.5497255072598723	-620310.912508547
0.10828078105422231	0.8499276377882723	5800	417206.71274191356	752698.8116160047	-0.5542810833541676	-623383.8685866789
0.11253041924316351	0.8499276377882723	5900	425731.64471780154	761919.8590860285	-0.5587617118006266	-626354.6188699425
0.1167800574321047	0.8499276377882723	6000	434129.222917996	771063.0627003483	-0.5630268701986934	-629257.8590876627
0.1210296956210459	0.8499276377882723	6100	442448.0587359471	780105.5508898331	-0.5671643513256194	-632077.2651209432
0.1252793338099871	0.8499276377882723	6200	450659.5667751038	789061.522483321	-0.5711336238482339	-634824.9287540262
0.1295289719989283	0.8499276377882723	6300	458784.87736931257	797916.1984949572	-0.5749787737542867	-637491.0574939228
0.1337786101878695	0.8499276377882723	6400	466810.7840148303	806675.414022033	-0.5786847794050658	-640082.0451477359
0.13802824837681069	0.8499276377882723	6500	474744.9586953883	815334.644200921	-0.5822700679678197	-642595.4939613026
0.14227788656575188	0.8499276377882723	6600	482587.18530140794	823890.9091712512	-0.5857416072072461	-645030.9195812219
0.14652752475469308	0.8499276377882723	6700	490001.0603531859	832243.5381690786	-0.5887712404847021	-647392.1362768415
0.15077716294363427	0.8499276377882723	6800	495885.8503945085	839928.8001927801	-0.5903903405630251	-649637.1967817954
0.15502680113257547	0.8499276377882723	6900	501134.0807227433	847381.4142785239	-0.5913913997623114	-651832.6164027487
0.15927643932151667	0.8499276377882723	7000	505772.2468030805	854627.7950676345	-0.5918041160398417	-653997.9690305156
0.16352607751045786	0.8499276377882723	7100	509813.6934637179	861689.8575877757	-0.5916440688891199	-656141.7000807341
0.16777571569939906	0.8499276377882723	7200	513746.30844212056	868653.5029217154	-0.5914283505611101	-658222.6660510255
0.17202535388834025	0.8499276377882723	7300	517382.05550967786	875719.5155478521	-0.5908079542865988	-660273.0616590382
0.17627499207728145	0.8499276377882723	7400	520725.8172010628	882865.8822997668	-0.589813048211389	-662297.3984118277
0.18052463026622265	0.8499276377882723	7500	523955.2211605909	889800.6044417449	-0.5888456565943974	-664224.4319554596
0.18477426845516384	0.8499276377882723	7600	527032.5926966037	896556.7752156571	-0.5878407338674472	-666061.855923684
0.18902390664410504	0.8499276377882723	7700	529986.4129658311	903148.0477517879	-0.5868211909278104	-667824.6892261788
0.19327354483304623	0.8499276377882723	7800	529787.9325722924	910125.1419972893	-0.5821044910479688	-669473.7318767548
0.19752318302198743	0.8499276377882723	7900	356916.6123012116	788136.3986154051	-0.4528614754098926	-636432.3222793066
0.20177282121092863	0.8499276377882723	8000	374193.261710013	785879.9814253746	-0.4761455572787682	-633620.7176764848
0.20602245939986982	0.8499276377882723	8100	385183.8494119627	791429.1788305581	-0.48669402103814663	-634712.685530304
0.21027209758881102	0.8499276377882723	8200	396165.755524312	796935.8215048254	-0.4971112413748028	-635812.9255043905
0.21452173577775221	0.8499276377882723	8300	407051.71743117715	802393.7508187111	-0.5072967193673277	-636820.0524115983
0.2187713739666934	0.8499276377882723	8400	416879.2129071532	807987.488871624	-0.5159476089033707	-638055.0254992906
0.2230210121556346	0.8499276377882723	8500	422029.6905774354	816090.6082763026	-0.5171358257250639	-640379.395879327
0.2272706503445758	0.8499276377882723	8600	318994.6608849873	812018.4366656297	-0.39284164802324784	-644399.569089739
0.231520288533517	0.8499276377882723	8700	176037.58427838836	756132.4963149586	-0.23281314470190667	-644664.0600297699
0.2357699267224582	0.8499276377882723	8800	194024.40085245756	754983.8874916023	-0.2569914458666056	-642483.9611010212
0.2400195649113994	0.8499276377882723	8900	211840.90350102773	754468.3372581117	-0.28078170155012705	-640895.2263433217
0.2442692031003406	0.8499276377882723	9000	229640.29097135912	753989.881610569	-0.30456680729034885	-639244.3694981915
0.24851884128928178	0.8499276377882723	9100	247737.00315729427	753558.3858714908	-0.3287562155794819	-637432.0523899788
0.252768479478223	0.8499276377882723	9200	265452.2957072632	752381.0420302082	-0.35281630035623	-635548.2857079086
0.2570181176671642	0.8499276377882723	9300	282985.4601372491	750684.0754853453	-0.3769701121664109	-633569.9234160273
0.2612677558561054	0.8499276377882723	9400	300724.4888645962	748927.8889763096	-0.40153997907014627	-631450.9260462178
0.2655173940450466	0.8499276377882723	9500	318432.8785290313	747017.2121039619	-0.42627247855798434	-629190.465935504
0.2697670322339878	0.8499276377882723	9600	333968.2467562936	746606.5929768359	-0.4473148909986323	-627889.0862981663
0.274016670422929	0.8499276377882723	9700	347473.67633678473	748274.966721722	-0.4643662982060011	-627342.7787625645
0.2782663086118702	0.8499276377882723	9800	360541.61658290244	749861.8006155232	-0.48081075244392	-626771.4923054026
0.2825159468008114	0.8499276377882723	9900	373006.6691413368	751911.31201372	-0.4960780123687388	-626436.6499983346
0.2867655849897526	0.8499276377882723	10000	383611.6058609422	756405.8479435	-0.5071505024768082	-627479.6520209251
0.29101522317869377	0.8499276377882723	10100	392934.0812991074	762876.3968962114	-0.5150691290198164	-629626.1622431033
0.29526486136763497	0.8499276377882723	10200	401690.0642711017	770369.0678299089	-0.5214254842846202	-632171.4693331349
0.29951449955657616	0.8499276377882723	10300	410345.5161916701	777788.4311156948	-0.5275798659065319	-634642.3865442969
0.30376413774551736	0.8499276377882723	10400	418931.9134907266	785127.6043449253	-0.5335844914537992	-637031.4825174547
0.30801377593445856	0.8499276377882723	10500	427425.3369158718	792387.4033164636	-0.5394146034211585	-639343.8052930634
0.31226341412339975	0.8499276377882723	10600	435839.9320760964	799538.8624498172	-0.5451141308387017	-641569.5198039509
0.31651305231234095	0.8499276377882723	10700	444182.01752318325	806589.4046856978	-0.5506916095634393	-643711.9462941171
0.32076269050128214	0.8499276377882723	10800	452432.6909031011	813531.9183865056	-0.5561339151885031	-645769.7462451255
0.32501232869022334	0.8499276377882723	10900	460619.6392712236	820370.5563048143	-0.561477536865764	-647743.9180696612
0.32926196687916454	0.8499276377882723	11000	468721.1417195136	827103.0826287647	-0.5667022062471183	-649634.7371554599
0.33351160506810573	0.8499276377882723	11100	476747.4230157464	833729.4656866785	-0.5718250855187017	-651443.1417590079
0.33776124325704693	0.8499276377882723	11200	484692.0247420985	840238.8037850955	-0.5768503222639385	-653165.5784267901
0.3420108814459881	0.8499276377882723	11300	492568.2755780201	846635.841774118	-0.5817947354388489	-654803.7068473363
0.3462605196349293	0.8499276377882723	11400	500372.8789312204	852921.5225513062	-0.5866575830264867	-656358.6684563945
0.3505101578238705	0.8499276377882723	11500	508104.8787817277	859095.3545061068	-0.5914417719949572	-657830.9770501946
0.3547597960128117	0.8499276377882723	11600	515703.7189664257	865137.7823591066	-0.596094321022688	-659220.6547086345
0.3590094342017529	0.8499276377882723	11700	520586.03863597126	871433.5020165985	-0.5973904347621185	-660921.8928956712
0.3632590723906941	0.8499276377882723	11800	525315.1737024664	877558.5201426845	-0.5986098495369335	-662532.0469699587
0.3675087105796353	0.8499276377882723	11900	529655.4334475311	883504.8808976897	-0.5994935001483771	-664064.0528828325
0.3717583487685765	0.8499276377882723	12000	533166.6100885208	889334.5168327681	-0.5995118821962674	-665550.7616217631
0.3760079869575177	0.8499276377882723	12100	536537.9298964007	895102.8976485109	-0.5994148061702381	-666981.1421781961
0.3802576251464589	0.8499276377882723	12200	539687.6229105475	900713.4248566532	-0.5991779494087565	-668302.8486351691
0.3845072633354001	0.8499276377882723	12300	539609.7999940745	906193.8628691848	-0.5954683893858712	-669379.9507785646
0.3887569015243413	0.8499276377882723	12400	525342.4710881044	909837.8851401979	-0.577402281953948	-669739.161177026
0.3930065397132825	0.8499276377882723	12500	461402.8016092853	883751.2888872476	-0.5220957608902032	-659660.6518171807
0.3972561779022237	0.8499276377882723	12600	395043.9464326658	794740.1793157851	-0.4970730771064962	-638761.0673273365
0.40150581609116487	0.8499276377882723	12700	406049.8771188874	800813.7182914127	-0.5070466050272225	-640088.4958790863
0.40575545428010606	0.8499276377882723	12800	415029.156767898	808171.9646942073	-0.5135406508748852	-642130.6146083777
0.41000509246904726	0.8499276377882723	12900	423850.3561859278	815296.4296273993	-0.5198727000186089	-644062.372345274
0.41425473065798846	0.8499276377882723	13000	432499.1722515157	822453.7830056973	-0.5258644086612703	-645989.8747474131
0.41850436884692965	0.8499276377882723	13100	440964.9734846287	829717.9020386173	-0.5314637329159435	-647941.0689279215
0.42275400703587085	0.8499276377882723	13200	448652.25455683784	837083.1009463533	-0.5359709854966848	-649895.5798904131
0.42700364522481205	0.8499276377882723	13300	445751.20369751414	848564.201916531	-0.5253005048890342	-653553.2026217466
0.43125328341375324	0.8499276377882723	13400	409952.9368882204	846757.9732739503	-0.48414417085812195	-653858.8655171324
0.43550292160269444	0.8499276377882723	13500	392856.3519997507	841169.3250676595	-0.46703599417174574	-652056.8241426927
0.43975255979163563	0.8499276377882723	13600	386747.7763896948	839593.0918540532	-0.46063715881183465	-651421.0623309148
0.44400219798057683	0.8499276377882723	13700	358325.95406541415	813118.3632701447	-0.4406811729405827	-644987.4656708287
0.448251836169518	0.8499276377882723	13800	367999.73939745885	819341.7167303779	-0.44914073320467474	-646373.6302587347
0.4525014743584592	0.8499276377882723	13900	376357.1319262956	824626.5805272725	-0.456397041780596	-647796.1312393146
0.4567511125474004	0.8499276377882723	14000	383985.1550382449	829616.8829991934	-0.46284636065997015	-649241.4150274224
0.4610007507363416	0.8499276377882723	14100	391299.9423239359	834426.5894465852	-0.4689447187720335	-650539.9447045139
0.4652503889252828	0.8499276377882723	14200	397325.0259822494	838594.3994171119	-0.4737988069779873	-651651.855626488
0.469500027114224	0.8499276377882723	14300	402749.1111171149	843394.8698966632	-0.47753327117873223	-653102.5167026947
0.4737496653031652	0.8499276377882723	14400	407606.8381490855	847640.5020544954	-0.48087230041643314	-654290.1373247136
0.4779993034921064	0.8499276377882723	14500	410987.81127116724	850229.2703389673	-0.4833846888231872	-654790.3773087115
0.4822489416810476	0.8499276377882723	14600	413453.3599196428	851278.4412278127	-0.48568522341915804	-654656.2218962003
0.4864985798699888	0.8499276377882723	14700	415575.9626039094	851330.7091079422	-0.4881486808332877	-654101.0243594194
0.49074821805893	0.8499276377882723	14800	416957.5150547889	850055.131557303	-0.49050643843643615	-652929.6314763651
0.4949978562478712	0.8499276377882723	14900	399546.25781854277	829169.691550129	-0.4818630756649979	-644741.537162829
0.4992474944368124	0.8499276377882723	15000	399817.6578337951	814656.1410420841	-0.4907808800438921	-642785.8385245869
