# exz		ezz		i		sxz		szz		tanPhi
0.0	0.995012354811984	100	5.64814963497794e-07	0.011402775568649985	-4.9533112363507165e-05
0.0	0.9900495862284893	200	1.498367439023308e-09	0.016604478723687737	9.023875208354214e-08
0.0	0.9851115701738395	300	0.0	0.0	0
0.0	0.980198183191203	400	0.0	0.0	0
0.0	0.9753093024395073	500	0.0	0.0	0
0.0	0.9704448056903675	600	0.0	0.0	0
0.0	0.9656045713250309	700	0.0	0.0	0
0.0	0.9607884783313355	800	0.0	0.0	0
0.0	0.9559964063006856	900	0.0	0.0	0
0.0	0.9512282354250395	1000	8.77950902297778e-05	0.0022415384980630543	0.03916733542860977
0.0	0.946483846493917	1100	0.03007119265228105	121.19193007873957	-0.000248128671873973
0.0	0.941763120891417	1200	0.6391241635850281	125.37712645290289	0.005097613748749546
0.0	0.9370659405932522	1300	3.6079365602440596	66.24012084831399	-0.0544675419374011
0.0	0.9323921881637983	1400	4.9360909643065085	70.90587464211532	-0.06961469679657069
0.0	0.9277417467531595	1500	4.65298202065378	68.92758662481882	-0.06750536684216907
0.0	0.9231145000942449	1600	1.4588158692563644	130.12004254049015	-0.01121130796435466
0.0	0.918510332499862	1700	11.290872937735664	191.29723577936235	0.059022666437053416
0.0	0.9139291288598262	1800	6.8770901054836235	533.2297161112635	-0.012897049616133268
0.0	0.9093707746380806	1900	33.9244158627019	2394.4880562420835	-0.01416771145475788
0.0	0.9048351558698351	2000	23.648306808960754	13421.839436131004	-0.0017619274110298583
0.0	0.9003221591587132	2100	51.938942892768196	69382.24519623553	-0.0007485912677784928
0.0	0.8958316716739212	2200	32.00298289386796	129425.13707422602	-0.0002472702259956972
0.0	0.8913635811474243	2300	56.00710749181707	186029.94795471372	-0.0003010650065087971
0.0	0.8869177758711417	2400	29.719737928394746	240825.41185630424	-0.00012340781522727313
0.0	0.8824941446941523	2500	34.658607621050635	258620.93436853366	-0.0001340131559947977
0.0	0.8780925770199166	2600	0.006801096992019827	236402.8929213326	-2.876909376182218e-08
0.0	0.8737129628035107	2700	0.04161309492541664	313289.82615734224	-1.3282619303608497e-07
0.0	0.8693551925488767	2800	0.00020824536716795036	390673.87499355455	-5.330414458130482e-10
0.0	0.8650191573060834	2900	3.0614656284794394e-05	469909.0664190495	6.515017153870628e-11
0.0	0.8607047486686039	3000	6.453658187748353e-05	551073.8174283943	1.1711059360186225e-10
0.0	0.8564118587706044	3100	1.3994821164653524e-05	634202.4270119288	-2.2066804806457e-11
0.0	0.8521403802842474	3200	5.960625547681012e-06	719331.5887656381	8.286339208193753e-12
0.0	0.8478902064170084	3300	2.9308049913092026e-05	806499.8561484002	-3.6339807985903957e-11
0.0020296524007091888	0.8456885002954958	3400	8517.186094684217	852639.6707793305	-0.009989197531589552
0.006258094902186688	0.8456885002954958	3500	26260.866749122688	852598.8447221572	-0.03080096450011085
0.010486537403664205	0.8456885002954958	3600	44003.24703935484	852516.8642839427	-0.05161569100021808
0.014714979905141723	0.8456885002954958	3700	61743.52715768597	852393.5526746194	-0.07243546946589244
0.018943422406619104	0.8456885002954958	3800	79480.82563989566	852228.7931441852	-0.0932623096981524
0.02317186490809645	0.8456885002954958	3900	97214.28277141324	852022.4943229131	-0.11409825846049719
0.027400307409573794	0.8456885002954958	4000	114943.0460305773	851774.5668734473	-0.1349453840263054
0.03162874991105117	0.8456885002954958	4100	132666.27515074774	851484.8365243967	-0.1558057988352052
0.03585719241252886	0.8456885002954958	4200	150383.11115723292	851153.1114499724	-0.17668162065582943
0.04008563491400655	0.8456885002954958	4300	168092.74510998983	850779.2322826142	-0.19757504500785972
0.044314077415484245	0.8456885002954958	4400	185794.34488580146	850362.9743830023	-0.218488281454879
0.048542519916961936	0.8456885002954958	4500	203487.0486518756	849904.0509264487	-0.23942355425893308
0.05277096241843963	0.8456885002954958	4600	221170.09279998788	849402.2346923243	-0.2603832245391978
0.05699940491991732	0.8456885002954958	4700	238842.67091907328	848857.2355651467	-0.28136965900992544
0.06122784742139501	0.8456885002954958	4800	256503.94969179385	848268.7002985388	-0.302385257880575
0.0654562899228727	0.8456885002954958	4900	274153.1752553275	847636.3185028686	-0.32343254916158914
0.06968473242435039	0.8456885002954958	5000	291789.5873947522	846959.7364525386	-0.3445141189555276
0.07391317492582808	0.8456885002954958	5100	309412.39044653886	846238.5405724152	-0.365632591298956
0.07814161742730577	0.8456885002954958	5200	327020.8662736822	845472.3491723313	-0.3867907289857756
0.08237005992878346	0.8456885002954958	5300	343967.303787743	843928.4154839375	-0.40757876791066494
0.08659850243026115	0.8456885002954958	5400	359439.0578621003	840786.9983515778	-0.4275031114501127
0.09082694493173885	0.8456885002954958	5500	374084.62234053237	836532.8739171611	-0.4471846044601191
0.09505538743321654	0.8456885002954958	5600	388722.24563871126	832254.7699614952	-0.46707121385041234
0.09928382993469423	0.8456885002954958	5700	403411.7124011837	827968.1412168475	-0.48723096012884975
0.10351227243617192	0.8456885002954958	5800	418157.73915829486	823694.5169458016	-0.5076611905938052
0.10774071493764961	0.8456885002954958	5900	431647.207457748	822147.4940321958	-0.5250240505395792
0.1119691574391273	0.8456885002954958	6000	443044.3512574043	824814.0756943729	-0.5371445084571644
0.116197599940605	0.8456885002954958	6100	451332.9685809751	834151.5238148195	-0.5410683259522168
0.12042604244208269	0.8456885002954958	6200	459522.00511232635	843415.0536542746	-0.5448349577368222
0.12465448494356038	0.8456885002954958	6300	467629.4736521952	852560.5466609546	-0.5485000161966932
0.12888292744503807	0.8456885002954958	6400	475625.2885755247	861623.2114120733	-0.552010765582841
0.13311136994651576	0.8456885002954958	6500	483535.4142042991	870576.6279662258	-0.5554197053668869
0.13733981244799345	0.8456885002954958	6600	491342.49863272975	879433.1226783196	-0.5587036534811685
0.14156825494947115	0.8456885002954958	6700	499057.34628780215	888183.0767673706	-0.5618856735079555
0.14579669745094884	0.8456885002954958	6800	506677.28017419565	896827.3392207233	-0.5649663631067054
0.15002513995242653	0.8456885002954958	6900	514200.12523604324	905365.7070901328	-0.5679474285465206
0.15425358245390422	0.8456885002954958	7000	521636.7107364001	913790.057485289	-0.570849624006549
0.1584820249553819	0.8456885002954958	7100	528820.6503525939	922066.1087238034	-0.5735170671054317
0.1627104674568596	0.8456885002954958	7200	534308.4139386967	929588.2447662574	-0.5747796585713573
0.1669389099583373	0.8456885002954958	7300	539102.8522969612	936860.2152826622	-0.5754357411092618
0.171167352459815	0.8456885002954958	7400	543397.0652559401	943905.943681971	-0.5756898437743349
0.17539579496129268	0.8456885002954958	7500	546929.5455720602	950779.7711311708	-0.5752431448150837
0.17962423746277037	0.8456885002954958	7600	550352.7013090623	957505.0524582588	-0.5747778561545024
0.18385267996424806	0.8456885002954958	7700	553663.8196270582	964100.9899834967	-0.5742798994911682
0.18808112246572575	0.8456885002954958	7800	556865.882913186	970576.8892308748	-0.5737473136769922
0.19230956496720344	0.8456885002954958	7900	559958.5118088494	976900.8597737388	-0.5731989138985323
0.19653800746868114	0.8456885002954958	8000	562944.0842503353	983099.5184424395	-0.5726216661587102
0.20076644997015883	0.8456885002954958	8100	565584.2657074777	989424.9701166091	-0.5716292622378638
0.20499489247163652	0.8456885002954958	8200	567889.766754085	995729.1591031662	-0.5703255363793627
0.2092233349731142	0.8456885002954958	8300	570030.6971718719	1001794.3874565855	-0.5690096733513345
0.2134517774745919	0.8456885002954958	8400	571506.4699911121	1007776.5055726054	-0.5670964413547125
0.2176802199760696	0.8456885002954958	8500	420100.57785550423	881386.4664972477	-0.47663606581689677
0.22190866247754729	0.8456885002954958	8600	430265.79341719224	886050.3260786184	-0.48559972357486064
0.22613710497902498	0.8456885002954958	8700	441322.39545336884	890834.9385450799	-0.49540310596050574
0.23036554748050267	0.8456885002954958	8800	450452.8673233299	897689.3182205475	-0.5017914975486665
0.23459398998198036	0.8456885002954958	8900	459205.21689523547	904684.1706436664	-0.5075862182583777
0.23882243248345805	0.8456885002954958	9000	466511.0506983397	911682.2393006983	-0.5117035635751497
0.24305087498493574	0.8456885002954958	9100	458625.51995309885	920790.5281083912	-0.49807801660956225
0.24727931748641344	0.8456885002954958	9200	237516.218270612	833869.8837627475	-0.284836067227714
0.25150775998789016	0.8456885002954958	9300	255134.1295311844	834265.7408730384	-0.305818778155978
0.25573620248936507	0.8456885002954958	9400	273047.0504442666	833129.2599040553	-0.3277367193605842
0.25996464499084	0.8456885002954958	9500	290724.32893677	832387.3677947527	-0.3492656666654939
0.2641930874923149	0.8456885002954958	9600	308954.895932989	831803.459335182	-0.3714277603268456
0.2684215299937898	0.8456885002954958	9700	327357.6159510579	831141.5726751543	-0.3938650486431669
0.27264997249526474	0.8456885002954958	9800	345600.3237486923	829970.9218289418	-0.4164005203786176
0.27687841499673965	0.8456885002954958	9900	361917.79962499783	829400.6759292587	-0.4363606277743938
0.28110685749821457	0.8456885002954958	10000	376022.2969925431	831696.724752139	-0.452114678105297
0.2853352999996895	0.8456885002954958	10100	390000.99602198217	834359.9521365907	-0.4674253540372899
0.2895637425011644	0.8456885002954958	10200	402855.02381599136	837746.6904544885	-0.48087927819498427
0.2937921850026393	0.8456885002954958	10300	413122.77992931835	843661.6502706925	-0.48967827303370504
0.29802062750411423	0.8456885002954958	10400	421836.5171042691	851574.9663271738	-0.495360401355669
0.30224907000558915	0.8456885002954958	10500	430259.2981837088	859090.2536054177	-0.5008313112365118
0.30647751250706406	0.8456885002954958	10600	438585.807277442	866470.1783964164	-0.5061753055242322
0.310705955008539	0.8456885002954958	10700	446821.26889023744	873768.1066817766	-0.5113728293277798
0.3149343975100139	0.8456885002954958	10800	454973.9989006391	880928.1400622976	-0.5164711833004497
0.3191628400114888	0.8456885002954958	10900	463060.0755345711	887995.1162953347	-0.5214669169200293
0.32339128251296373	0.8456885002954958	11000	471047.25484390114	894943.605924457	-0.5263429468914075
0.32761972501443865	0.8456885002954958	11100	478977.3472845912	901784.903640717	-0.5311436744514655
0.33184816751591356	0.8456885002954958	11200	486806.7078010844	908502.700079878	-0.5358340792584139
0.3360766100173885	0.8456885002954958	11300	494581.4272710391	915109.182190766	-0.5404616595442897
0.3403050525188634	0.8456885002954958	11400	502266.2663803088	921600.5935343946	-0.5449934276345102
0.3445334950203383	0.8456885002954958	11500	509878.8892925649	927975.8315135094	-0.5494527680327224
0.3487619375218132	0.8456885002954958	11600	517415.89005466097	934225.8080089939	-0.553844569074118
0.35299038002328814	0.8456885002954958	11700	524888.7743694368	940360.7331350618	-0.5581781074795774
0.35721882252476306	0.8456885002954958	11800	532289.624746805	946375.6539743997	-0.5624506743293758
0.361447265026238	0.8456885002954958	11900	539612.2882054457	952264.0607818144	-0.5666624525999867
0.3656757075277129	0.8456885002954958	12000	546862.3107390174	958024.3723685424	-0.5708229628720186
0.3699041500291878	0.8456885002954958	12100	554064.9562585405	963660.3024538415	-0.5749587845921252
0.3741325925306627	0.8456885002954958	12200	560224.1589682105	969230.7162235335	-0.578009084515029
0.37836103503213764	0.8456885002954958	12300	564189.9778047621	974931.7774516727	-0.5786968799801265
0.38258947753361255	0.8456885002954958	12400	568077.9157650741	980433.3204940482	-0.5794151462322956
0.38681792003508747	0.8456885002954958	12500	571150.3955028949	985740.9342695578	-0.5794122731913554
0.3910463625365624	0.8456885002954958	12600	573871.486750074	991025.2246465369	-0.5790684964197085
0.3952748050380373	0.8456885002954958	12700	576306.3520609483	995982.700599049	-0.5786308855709241
0.3995032475395122	0.8456885002954958	12800	578108.4087796942	1000916.2243496941	-0.5775792166375336
0.40373169004098713	0.8456885002954958	12900	575280.7554156182	1005005.1998831737	-0.5724157004187554
0.40796013254246205	0.8456885002954958	13000	542738.7501642521	1000327.0809408636	-0.5425612887074656
0.41218857504393697	0.8456885002954958	13100	442999.3471131787	900007.6831446086	-0.4922172948183597
0.4164170175454119	0.8456885002954958	13200	452751.0083370849	904962.8669948262	-0.5002978849735205
0.4206454600468868	0.8456885002954958	13300	461309.57946332905	911767.5219812691	-0.5059508792996972
0.4248739025483617	0.8456885002954958	13400	469620.8279338437	918691.2987582963	-0.5111845824256565
0.42910234504983663	0.8456885002954958	13500	477700.83576556836	925609.4271526872	-0.5160933129592764
0.43333078755131155	0.8456885002954958	13600	485451.56369148387	932616.7300008257	-0.5205263299223187
0.43755923005278646	0.8456885002954958	13700	487252.6947488518	941388.6570654936	-0.5175892986300907
0.4417876725542614	0.8456885002954958	13800	445367.24086545024	938080.41029405	-0.4747644615303775
0.4460161150557363	0.8456885002954958	13900	378703.46346594783	886373.0340377319	-0.427250659624452
0.4502445575572112	0.8456885002954958	14000	390181.3876564419	890283.3342103849	-0.4382665300620322
0.4544730000586861	0.8456885002954958	14100	399660.3000882091	896407.8045599762	-0.4458465199155558
0.45870144256016104	0.8456885002954958	14200	408586.02036130265	902068.102759917	-0.4529436514950653
0.46292988506163596	0.8456885002954958	14300	411952.8524112678	903529.2247039754	-0.4559374961515346
0.4671583275631109	0.8456885002954958	14400	414611.8937625214	904354.3536536132	-0.45846176566461966
0.4713867700645858	0.8456885002954958	14500	415557.13515500363	902091.0244168193	-0.4606598712404345
0.4756152125660607	0.8456885002954958	14600	417403.1076686665	900517.2541974795	-0.46351483630443785
0.4798436550675356	0.8456885002954958	14700	416877.89146355825	895777.1093602361	-0.46538127298351306
0.48407209756901054	0.8456885002954958	14800	408009.1034474638	875889.2415149598	-0.465822713773446
0.48830054007048546	0.8456885002954958	14900	417017.3227163997	882988.2735827988	-0.4722795706270447
0.49252898257196037	0.8456885002954958	15000	424903.1043063189	889977.7946917332	-0.47743113012555
0.4967574250734353	0.8456885002954958	15100	432628.4341586273	896712.9030000912	-0.4824603646397885
0.5009858675749103	0.8456885002954958	15200	440194.73240039806	903256.9235024541	-0.4873416643113083
0.5052143100763852	0.8456885002954958	15300	447603.45022683154	909617.597088678	-0.4920787061062045
