# cellvel_xx		cellvel_xy		cellvel_xz		cellvel_yx		cellvel_yy		cellvel_yz		cellvel_zx		cellvel_zy		cellvel_zz		exz		i		sxz		szz		tanPhi
-0.1	0.0	0.0	0.0	-0.1	0.0	0.0	0.0	-0.1	0.0	100	0.04174104531439222	0.09504436950042597	-0.4391743091546853
-0.1	0.0	0.0	0.0	-0.1	0.0	0.0	0.0	-0.1	0.0	200	4.869156559544512e-06	7.391938841011168e-09	658.7116944921103
-0.1	0.0	0.0	0.0	-0.1	0.0	0.0	0.0	-0.1	0.0	300	0.0006070561889430831	0.0006734326732405315	0.90143560457492
-0.1	0.0	0.0	0.0	-0.1	0.0	0.0	0.0	-0.1	0.0	400	0.0006870022495935802	0.0011221196884632998	0.6122361604174361
-0.1	0.0	0.0	0.0	-0.1	0.0	0.0	0.0	-0.1	0.0	500	0.006769346652240157	3.808101083974372e-05	177.7617374897844
-0.1	0.0	0.0	0.0	-0.1	0.0	0.0	0.0	-0.1	0.0	600	0.1331577159114949	16.990444666491232	-0.007837211946201161
-0.1	0.0	0.0	0.0	-0.1	0.0	0.0	0.0	-0.1	0.0	700	0.8137536253952672	28.134007291645336	-0.028924198993753696
-0.1	0.0	0.0	0.0	-0.1	0.0	0.0	0.0	-0.1	0.0	800	1.018767717702759	22.836416217490886	-0.04461154097035872
-0.1	0.0	0.0	0.0	-0.1	0.0	0.0	0.0	-0.1	0.0	900	0.4766781546887853	16.928531120973357	-0.028158270276516306
-0.1	0.0	0.0	0.0	-0.1	0.0	0.0	0.0	-0.1	0.0	1000	2.9691660532608237	29.042148679749943	-0.10223644558817088
-0.1	0.0	0.0	0.0	-0.1	0.0	0.0	0.0	-0.1	0.0	1100	2.4981643329801684	245.72708919408035	-0.010166418123347672
-0.1	0.0	0.0	0.0	-0.1	0.0	0.0	0.0	-0.1	0.0	1200	5.38492521434044	1836.8442419554312	-0.002931617766680022
-0.1	0.0	0.0	0.0	-0.1	0.0	0.0	0.0	-0.1	0.0	1300	56.0677157372796	4635.17788128859	0.012096130326220113
-0.1	0.0	0.0	0.0	-0.1	0.0	0.0	0.0	-0.1	0.0	1400	88.66541353510958	9023.836209146844	0.009825689593660347
-0.1	0.0	0.0	0.0	-0.1	0.0	0.0	0.0	-0.1	0.0	1500	584.15130026057	16700.623503902676	-0.03497781385970787
-0.1	0.0	0.0	0.0	-0.1	0.0	0.0	0.0	-0.1	0.0	1600	1404.594088996268	21828.01427793023	-0.06434823026556377
-0.1	0.0	0.0	0.0	-0.1	0.0	0.0	0.0	-0.1	0.0	1700	4351.939760673497	32345.730301623775	-0.1345444891827045
-0.1	0.0	0.0	0.0	-0.1	0.0	0.0	0.0	-0.1	0.0	1800	2538.53660508386	38468.33723667106	-0.0659902867510459
-0.1	0.0	0.0	0.0	-0.1	0.0	0.0	0.0	-0.1	0.0	1900	219.6777459632555	46377.95772312264	-0.0047366843377350965
-0.1	0.0	0.0	0.0	-0.1	0.0	0.0	0.0	-0.1	0.0	2000	346.7208095317474	25159.59796209558	-0.013780856516630463
-0.1	0.0	0.0	0.0	-0.1	0.0	0.0	0.0	-0.1	0.0	2100	0.07251590507148403	20443.6886603297	3.5471047459355386e-06
-0.1	0.0	0.0	0.0	-0.1	0.0	0.0	0.0	-0.1	0.0	2200	0.0017313336432187303	76095.41475967015	2.2752141488245368e-08
-0.1	0.0	0.0	0.0	-0.1	0.0	0.0	0.0	-0.1	0.0	2300	0.0003432645208886723	132813.70367076754	2.584556498323337e-09
-0.1	0.0	0.0	0.0	-0.1	0.0	0.0	0.0	-0.1	0.0	2400	0.00014757640683232698	190598.90328034712	7.742773137328108e-10
-0.1	0.0	0.0	0.0	-0.1	0.0	0.0	0.0	-0.1	0.0	2500	0.00015283250754748369	249459.924595839	6.126535466371777e-10
-0.1	0.0	0.0	0.0	-0.1	0.0	0.0	0.0	-0.1	0.0	2600	0.0005257122077642122	309407.3707176863	1.6990940020103454e-09
-0.1	0.0	0.0	0.0	-0.1	0.0	0.0	0.0	-0.1	0.0	2700	0.03888658287082995	370452.1094089971	1.0497060722064152e-07
-0.1	0.0	0.0	0.0	-0.1	0.0	0.0	0.0	-0.1	0.0	2800	16.17453433251777	432004.57801681344	3.7440654927245385e-05
-0.1	0.0	0.0	0.0	-0.1	0.0	0.0	0.0	-0.1	0.0	2900	270.54154559767363	491194.296096203	-0.0005507831580045194
-0.1	0.0	0.0	0.0	-0.1	0.0	0.0	0.0	-0.1	0.0	3000	1.4452051896730211	559956.5715789751	-2.5809237055613203e-06
0.0	0.0	0.1	0.0	0.0	0.0	0.0	0.0	0.0	0.0012030286436386774	3100	4914.706478835287	605722.8063297619	-0.00811378806853059
0.0	0.0	0.1	0.0	0.0	0.0	0.0	0.0	0.0	0.004741348183752436	3200	19406.580541216455	605692.9963527155	-0.03204029212501468
0.0	0.0	0.1	0.0	0.0	0.0	0.0	0.0	0.0	0.008279667723866228	3300	33892.09115612205	605628.163841576	-0.05596188086950949
0.0	0.0	0.1	0.0	0.0	0.0	0.0	0.0	0.0	0.01181798726398002	3400	48376.324031404256	605528.1504850499	-0.0798911231338346
0.0	0.0	0.1	0.0	0.0	0.0	0.0	0.0	0.0	0.015356306804093812	3500	62858.92637398147	605392.9317143025	-0.10383161593245344
0.0	0.0	0.1	0.0	0.0	0.0	0.0	0.0	0.0	0.018894626344207445	3600	77340.0232219348	605222.4725538164	-0.1277877585998886
0.0	0.0	0.1	0.0	0.0	0.0	0.0	0.0	0.0	0.022432945884321064	3700	91819.22951381184	605016.7317402707	-0.15176312438451564
0.0	0.0	0.1	0.0	0.0	0.0	0.0	0.0	0.0	0.025971265424434682	3800	106296.3237995218	604775.6578459932	-0.17576157773630213
0.0	0.0	0.1	0.0	0.0	0.0	0.0	0.0	0.0	0.0295095849645483	3900	120771.01362673193	604499.190187465	-0.1997868906809931
0.0	0.0	0.1	0.0	0.0	0.0	0.0	0.0	0.0	0.03304790450466209	4000	135242.77679523997	604187.266844484	-0.22384248099364706
0.0	0.0	0.1	0.0	0.0	0.0	0.0	0.0	0.0	0.03658622404477606	4100	149711.39656147157	603839.8086870003	-0.24793230656158066
0.0	0.0	0.1	0.0	0.0	0.0	0.0	0.0	0.0	0.040124543584890024	4200	164176.62870354962	603456.7290807076	-0.272060316493036
0.0	0.0	0.1	0.0	0.0	0.0	0.0	0.0	0.0	0.04366286312500399	4300	178638.13997640548	603037.9340214141	-0.29623035284885074
0.0	0.0	0.1	0.0	0.0	0.0	0.0	0.0	0.0	0.047201182665117955	4400	193095.6036213361	602583.3232450861	-0.3204463120244686
0.0	0.0	0.1	0.0	0.0	0.0	0.0	0.0	0.0	0.05073950220523192	4500	207548.6001746817	602092.7896561901	-0.3447119841664224
0.0	0.0	0.1	0.0	0.0	0.0	0.0	0.0	0.0	0.054277821745345886	4600	221996.92159301467	601566.2115271154	-0.369031566831955
0.0	0.0	0.1	0.0	0.0	0.0	0.0	0.0	0.0	0.05781614128545985	4700	236389.74567699796	600958.2678946573	-0.39335467753051195
0.0	0.0	0.1	0.0	0.0	0.0	0.0	0.0	0.0	0.06135446082557382	4800	249365.43310473958	598893.8348702411	-0.41637669080158113
0.0	0.0	0.1	0.0	0.0	0.0	0.0	0.0	0.0	0.06489278036568778	4900	262013.862563843	596509.8158370316	-0.43924484661862806
0.0	0.0	0.1	0.0	0.0	0.0	0.0	0.0	0.0	0.06843109990580175	5000	273937.8112148689	593406.1977731943	-0.4616362489014155
0.0	0.0	0.1	0.0	0.0	0.0	0.0	0.0	0.0	0.07196941944591571	5100	285896.6737570546	590259.9194839568	-0.4843572540161695
0.0	0.0	0.1	0.0	0.0	0.0	0.0	0.0	0.0	0.07550773898602968	5200	297887.2765875701	587074.2458446004	-0.507409886732489
0.0	0.0	0.1	0.0	0.0	0.0	0.0	0.0	0.0	0.07904605852614364	5300	308869.0466447924	586576.5816244087	-0.5265621852639262
0.0	0.0	0.1	0.0	0.0	0.0	0.0	0.0	0.0	0.08258437806625761	5400	318536.0533290091	589403.9934140905	-0.5404375553750601
0.0	0.0	0.1	0.0	0.0	0.0	0.0	0.0	0.0	0.08612269760637158	5500	328067.5318278965	592271.5838938004	-0.5539140163893495
0.0	0.0	0.1	0.0	0.0	0.0	0.0	0.0	0.0	0.08966101714648554	5600	335699.87769680767	599639.5904508338	-0.5598360799433117
0.0	0.0	0.1	0.0	0.0	0.0	0.0	0.0	0.0	0.09319933668659951	5700	343265.7040248485	606949.2282306865	-0.5655591737475307
0.0	0.0	0.1	0.0	0.0	0.0	0.0	0.0	0.0	0.09673765622671347	5800	350781.37758145644	614194.5438367582	-0.5711242164252891
0.0	0.0	0.1	0.0	0.0	0.0	0.0	0.0	0.0	0.10027597576682744	5900	358235.62408640236	621384.3932619471	-0.5765121042159594
0.0	0.0	0.1	0.0	0.0	0.0	0.0	0.0	0.0	0.1038142953069414	6000	365621.89558956074	628518.2455860329	-0.581720416483142
0.0	0.0	0.1	0.0	0.0	0.0	0.0	0.0	0.0	0.10735261484705537	6100	372956.5276117731	635588.3599193334	-0.5867894239899349
0.0	0.0	0.1	0.0	0.0	0.0	0.0	0.0	0.0	0.11089093438716933	6200	380192.27110994735	642604.071057649	-0.5916431100167115
0.0	0.0	0.1	0.0	0.0	0.0	0.0	0.0	0.0	0.1144292539272833	6300	386756.16076200374	649691.8583683628	-0.5952916844814768
0.0	0.0	0.1	0.0	0.0	0.0	0.0	0.0	0.0	0.11796757346739727	6400	392121.10165188974	656252.8494229618	-0.5975152747857458
0.0	0.0	0.1	0.0	0.0	0.0	0.0	0.0	0.0	0.12150589300751123	6500	396844.17614108615	662506.1420871014	-0.5990045237783049
0.0	0.0	0.1	0.0	0.0	0.0	0.0	0.0	0.0	0.12504421254762518	6600	401453.3176331141	668692.6160166992	-0.6003555415708204
0.0	0.0	0.1	0.0	0.0	0.0	0.0	0.0	0.0	0.12858253208773915	6700	405971.50928813196	674811.2081917136	-0.6016075375748585
0.0	0.0	0.1	0.0	0.0	0.0	0.0	0.0	0.0	0.13212085162785311	6800	410404.34423122177	680867.868052697	-0.6027665035875327
0.0	0.0	0.1	0.0	0.0	0.0	0.0	0.0	0.0	0.13565917116796708	6900	414748.26071637974	686858.1332493629	-0.6038339514949093
0.0	0.0	0.1	0.0	0.0	0.0	0.0	0.0	0.0	0.13919749070808105	7000	419011.2307675231	692780.822370779	-0.6048251008646811
0.0	0.0	0.1	0.0	0.0	0.0	0.0	0.0	0.0	0.142735810248195	7100	423186.8771480688	698635.9128652839	-0.6057330711965143
0.0	0.0	0.1	0.0	0.0	0.0	0.0	0.0	0.0	0.14627412978830898	7200	427274.2468770825	704422.4194837476	-0.6065596935290907
0.0	0.0	0.1	0.0	0.0	0.0	0.0	0.0	0.0	0.14981244932842294	7300	431279.27477033634	710138.5776122888	-0.6073170622844264
0.0	0.0	0.1	0.0	0.0	0.0	0.0	0.0	0.0	0.1533507688685369	7400	435208.52813677094	715782.9972057076	-0.6080174156633357
0.0	0.0	0.1	0.0	0.0	0.0	0.0	0.0	0.0	0.15688908840865087	7500	439055.2857233656	721354.8543041875	-0.6086536787041857
0.0	0.0	0.1	0.0	0.0	0.0	0.0	0.0	0.0	0.16042740794876484	7600	442819.1777300484	726853.1039663204	-0.6092278829293779
0.0	0.0	0.1	0.0	0.0	0.0	0.0	0.0	0.0	0.1639657274888788	7700	446502.9186394932	732277.0545730562	-0.6097458821781879
0.0	0.0	0.1	0.0	0.0	0.0	0.0	0.0	0.0	0.16750404702899277	7800	450109.6415006552	737624.2744516634	-0.610215331965937
0.0	0.0	0.1	0.0	0.0	0.0	0.0	0.0	0.0	0.17104236656910674	7900	453641.2751072644	742894.0344949397	-0.6106406217350698
0.0	0.0	0.1	0.0	0.0	0.0	0.0	0.0	0.0	0.1745806861092207	8000	457099.604207981	748084.8005090996	-0.6110264556864512
0.0	0.0	0.1	0.0	0.0	0.0	0.0	0.0	0.0	0.17811900564933467	8100	460486.29323949444	753195.7338824818	-0.6113766615031603
0.0	0.0	0.1	0.0	0.0	0.0	0.0	0.0	0.0	0.18165732518944863	8200	463797.98296141915	758225.5220413449	-0.6116886987828523
0.0	0.0	0.1	0.0	0.0	0.0	0.0	0.0	0.0	0.1851956447295626	8300	467041.57699012023	763172.9072043884	-0.6119734762348422
0.0	0.0	0.1	0.0	0.0	0.0	0.0	0.0	0.0	0.18873396426967656	8400	469936.2577657214	768080.6562286468	-0.611831913686195
0.0	0.0	0.1	0.0	0.0	0.0	0.0	0.0	0.0	0.19227228380979053	8500	472680.1452335312	772915.2023357698	-0.6115549853400212
0.0	0.0	0.1	0.0	0.0	0.0	0.0	0.0	0.0	0.1958106033499045	8600	475405.52760423045	777667.3440386415	-0.6113224777259105
0.0	0.0	0.1	0.0	0.0	0.0	0.0	0.0	0.0	0.19934892289001846	8700	478031.23423753865	782332.2103093852	-0.6110335582993495
0.0	0.0	0.1	0.0	0.0	0.0	0.0	0.0	0.0	0.20288724243013243	8800	480617.0798486699	786912.12431488	-0.6107633431968227
0.0	0.0	0.1	0.0	0.0	0.0	0.0	0.0	0.0	0.2064255619702464	8900	483141.1859050678	791403.7435814686	-0.6104863539293232
0.0	0.0	0.1	0.0	0.0	0.0	0.0	0.0	0.0	0.20996388151036036	9000	485584.1424071439	795806.2542662838	-0.6101788466777532
0.0	0.0	0.1	0.0	0.0	0.0	0.0	0.0	0.0	0.21350220105047432	9100	487997.89177883376	800119.3734323031	-0.6099063564546003
0.0	0.0	0.1	0.0	0.0	0.0	0.0	0.0	0.0	0.2170405205905883	9200	490336.34798098204	804341.0334795968	-0.6096124996380905
0.0	0.0	0.1	0.0	0.0	0.0	0.0	0.0	0.0	0.22057884013070225	9300	492615.07831958885	808469.9946530965	-0.6093177008145655
0.0	0.0	0.1	0.0	0.0	0.0	0.0	0.0	0.0	0.22411715967081622	9400	494844.29149760504	812506.2958504732	-0.6090344087483501
0.0	0.0	0.1	0.0	0.0	0.0	0.0	0.0	0.0	0.22765547921093018	9500	497018.65265381837	816448.5562967473	-0.6087568516358199
0.0	0.0	0.1	0.0	0.0	0.0	0.0	0.0	0.0	0.23119379875104415	9600	499138.9661087007	820295.7042717574	-0.6084866268461403
0.0	0.0	0.1	0.0	0.0	0.0	0.0	0.0	0.0	0.23473211829115811	9700	501206.39514454023	824046.5699795086	-0.6082258132049547
0.0	0.0	0.1	0.0	0.0	0.0	0.0	0.0	0.0	0.23827043783127208	9800	503222.4408927498	827700.1839254376	-0.6079767174947034
0.0	0.0	0.1	0.0	0.0	0.0	0.0	0.0	0.0	0.24180875737138605	9900	505188.25701963087	831255.4308021241	-0.6077413010488809
0.0	0.0	0.1	0.0	0.0	0.0	0.0	0.0	0.0	0.2453470769115	10000	507104.777511412	834711.3214457536	-0.6075211447151407
0.0	0.0	0.1	0.0	0.0	0.0	0.0	0.0	0.0	0.24888539645161398	10100	508973.1774682948	838067.0190911297	-0.6073179899386425
0.0	0.0	0.1	0.0	0.0	0.0	0.0	0.0	0.0	0.2524237159917279	10200	510794.54948380473	841321.3802774823	-0.6071336845324623
0.0	0.0	0.1	0.0	0.0	0.0	0.0	0.0	0.0	0.2559620355318419	10300	512569.74994097627	844473.4166873195	-0.6069696686861652
0.0	0.0	0.1	0.0	0.0	0.0	0.0	0.0	0.0	0.25950035507195585	10400	514300.3160365365	847522.2024997547	-0.606828133256704
0.0	0.0	0.1	0.0	0.0	0.0	0.0	0.0	0.0	0.2630386746120698	10500	515987.5754909002	850466.7684917352	-0.606711037523525
0.0	0.0	0.1	0.0	0.0	0.0	0.0	0.0	0.0	0.2665769941521838	10600	517632.70168975205	853306.2318743619	-0.6066200882568576
0.0	0.0	0.1	0.0	0.0	0.0	0.0	0.0	0.0	0.27011531369229774	10700	519236.90308288194	856039.6651350822	-0.6065570606485237
0.0	0.0	0.1	0.0	0.0	0.0	0.0	0.0	0.0	0.2736536332324117	10800	520801.31715927506	858666.1399985165	-0.6065236451039921
0.0	0.0	0.1	0.0	0.0	0.0	0.0	0.0	0.0	0.2771919527725257	10900	522327.7901984222	861184.857919927	-0.6065222645228956
0.0	0.0	0.1	0.0	0.0	0.0	0.0	0.0	0.0	0.28073027231263964	11000	523817.7173855991	863594.9070857728	-0.6065548940686066
0.0	0.0	0.1	0.0	0.0	0.0	0.0	0.0	0.0	0.2842685918527536	11100	525271.2467650304	865895.499280443	-0.6066219852182273
0.0	0.0	0.1	0.0	0.0	0.0	0.0	0.0	0.0	0.28780691139286757	11200	526691.0134831686	868085.7330532051	-0.6067269549871609
0.0	0.0	0.1	0.0	0.0	0.0	0.0	0.0	0.0	0.29134523093298154	11300	528078.897112755	870164.8192041947	-0.606872267710969
0.0	0.0	0.1	0.0	0.0	0.0	0.0	0.0	0.0	0.2948835504730955	11400	529434.3278874373	872132.0198817772	-0.6070575507125691
0.0	0.0	0.1	0.0	0.0	0.0	0.0	0.0	0.0	0.29842187001320947	11500	530754.9201717714	873986.3792128245	-0.6072805398292451
0.0	0.0	0.1	0.0	0.0	0.0	0.0	0.0	0.0	0.30196018955332343	11600	532049.1815125846	875727.2260924436	-0.6075512621511443
0.0	0.0	0.1	0.0	0.0	0.0	0.0	0.0	0.0	0.3054985090934374	11700	533317.9345219352	877353.7314897802	-0.607871050615287
0.0	0.0	0.1	0.0	0.0	0.0	0.0	0.0	0.0	0.30903682863355136	11800	534560.1015188753	878865.2302692536	-0.6082389917224337
0.0	0.0	0.1	0.0	0.0	0.0	0.0	0.0	0.0	0.31257514817366533	11900	535779.0725672216	880261.0407296455	-0.608659304202667
0.0	0.0	0.1	0.0	0.0	0.0	0.0	0.0	0.0	0.3161134677137793	12000	536975.1727135244	881540.5578589281	-0.6091326915436782
0.0	0.0	0.1	0.0	0.0	0.0	0.0	0.0	0.0	0.31965178725389326	12100	537339.9915369091	882695.5818005648	-0.6087489306798356
0.0	0.0	0.1	0.0	0.0	0.0	0.0	0.0	0.0	0.3231901067940072	12200	532171.4113157676	883626.9090240367	-0.602258041126825
0.0	0.0	0.1	0.0	0.0	0.0	0.0	0.0	0.0	0.3267284263341212	12300	477107.2361470794	877297.7073675446	-0.5438373224281036
0.0	0.0	0.1	0.0	0.0	0.0	0.0	0.0	0.0	0.33026674587423516	12400	331804.61397000274	758038.8608203933	-0.43771451718306986
0.0	0.0	0.1	0.0	0.0	0.0	0.0	0.0	0.0	0.3338050654143491	12500	333076.62238194316	756444.6870251772	-0.44031854290868616
0.0	0.0	0.1	0.0	0.0	0.0	0.0	0.0	0.0	0.3373433849544631	12600	339714.6057692169	759868.4702945258	-0.4470702747247075
0.0	0.0	0.1	0.0	0.0	0.0	0.0	0.0	0.0	0.34088170449457705	12700	346225.5661460015	763111.8113661216	-0.4537022766377957
0.0	0.0	0.1	0.0	0.0	0.0	0.0	0.0	0.0	0.344420024034691	12800	352637.2083975649	766218.8856982299	-0.4602303793076286
0.0	0.0	0.1	0.0	0.0	0.0	0.0	0.0	0.0	0.347958343574805	12900	358967.2392583885	769183.6702217206	-0.4666859856176024
0.0	0.0	0.1	0.0	0.0	0.0	0.0	0.0	0.0	0.35149666311491895	13000	365221.9064728053	772022.697161863	-0.47307146255601934
0.0	0.0	0.1	0.0	0.0	0.0	0.0	0.0	0.0	0.3550349826550329	13100	371383.743514084	774751.096956416	-0.47935878370879725
0.0	0.0	0.1	0.0	0.0	0.0	0.0	0.0	0.0	0.3585733021951469	13200	377450.2759719398	777378.4934954284	-0.4855424727210562
0.0	0.0	0.1	0.0	0.0	0.0	0.0	0.0	0.0	0.36211162173526085	13300	383409.7670073805	779880.9103795348	-0.4916260443159088
0.0	0.0	0.1	0.0	0.0	0.0	0.0	0.0	0.0	0.3656499412753748	13400	389265.2240747098	782261.3591170284	-0.49761530406421967
0.0	0.0	0.1	0.0	0.0	0.0	0.0	0.0	0.0	0.3691882608154888	13500	394643.0882680857	784404.2808008478	-0.5031118492433132
0.0	0.0	0.1	0.0	0.0	0.0	0.0	0.0	0.0	0.37272658035560274	13600	382255.869751503	770414.8359240029	-0.49616888451147423
0.0	0.0	0.1	0.0	0.0	0.0	0.0	0.0	0.0	0.3762648998957167	13700	388184.86901849124	772572.339810487	-0.5024576327877769
0.0	0.0	0.1	0.0	0.0	0.0	0.0	0.0	0.0	0.3798032194358307	13800	395044.7426622591	775393.5999370788	-0.5094764035895009
0.0	0.0	0.1	0.0	0.0	0.0	0.0	0.0	0.0	0.38334153897594464	13900	401577.51346695836	777989.1940688302	-0.516173639079401
0.0	0.0	0.1	0.0	0.0	0.0	0.0	0.0	0.0	0.3868798585160586	14000	407890.7484368837	780262.1044739158	-0.5227611928069993
0.0	0.0	0.1	0.0	0.0	0.0	0.0	0.0	0.0	0.39041817805617257	14100	414135.6149646531	782426.5232363759	-0.5292964932370271
0.0	0.0	0.1	0.0	0.0	0.0	0.0	0.0	0.0	0.39395649759628654	14200	420331.5801582368	784515.9673087245	-0.5357846081835412
0.0	0.0	0.1	0.0	0.0	0.0	0.0	0.0	0.0	0.3974948171364005	14300	426441.8042759276	786548.858082198	-0.5421682326457112
0.0	0.0	0.1	0.0	0.0	0.0	0.0	0.0	0.0	0.40103313667651447	14400	432391.63150644826	788592.9721102604	-0.5483077415074803
0.0	0.0	0.1	0.0	0.0	0.0	0.0	0.0	0.0	0.40457145621662843	14500	438074.3956238591	790526.6588910078	-0.5541551201301836
0.0	0.0	0.1	0.0	0.0	0.0	0.0	0.0	0.0	0.4081097757567424	14600	443465.63242487714	792351.4542053293	-0.5596829917724336
0.0	0.0	0.1	0.0	0.0	0.0	0.0	0.0	0.0	0.41164809529685636	14700	448580.0642709369	794152.569408935	-0.5648537592780215
0.0	0.0	0.1	0.0	0.0	0.0	0.0	0.0	0.0	0.41518641483697033	14800	452917.48330059065	795746.2596562455	-0.5691732481359655
0.0	0.0	0.1	0.0	0.0	0.0	0.0	0.0	0.0	0.4187247343770843	14900	434836.11994797137	778529.6831595806	-0.558535055700426
0.0	0.0	0.1	0.0	0.0	0.0	0.0	0.0	0.0	0.42226305391719826	15000	440738.8991746337	780482.4333300127	-0.5647006010041424
0.0	0.0	0.1	0.0	0.0	0.0	0.0	0.0	0.0	0.4258013734573122	15100	447347.52496216993	783043.8254887894	-0.5712930878203758
0.0	0.0	0.1	0.0	0.0	0.0	0.0	0.0	0.0	0.4293396929974262	15200	453177.2719961644	785398.2961145298	-0.5770031259783639
0.0	0.0	0.1	0.0	0.0	0.0	0.0	0.0	0.0	0.43287801253754016	15300	458477.4300630323	787665.9944063508	-0.5820708692757242
0.0	0.0	0.1	0.0	0.0	0.0	0.0	0.0	0.0	0.4364163320776541	15400	460278.4365181583	788469.9879899566	-0.5837615172792363
0.0	0.0	0.1	0.0	0.0	0.0	0.0	0.0	0.0	0.4399546516177681	15500	444252.9550711002	772030.0121997154	-0.5754348251375713
0.0	0.0	0.1	0.0	0.0	0.0	0.0	0.0	0.0	0.44349297115788205	15600	451011.6526155435	775079.1191325076	-0.5818911147036572
0.0	0.0	0.1	0.0	0.0	0.0	0.0	0.0	0.0	0.447031290697996	15700	457496.999032727	777888.1116125959	-0.5881269969331654
0.0	0.0	0.1	0.0	0.0	0.0	0.0	0.0	0.0	0.45056961023811	15800	463283.564247812	780538.924660724	-0.59354319126261
0.0	0.0	0.1	0.0	0.0	0.0	0.0	0.0	0.0	0.45410792977822395	15900	468412.9023206944	783325.3373245115	-0.5979800218394353
0.0	0.0	0.1	0.0	0.0	0.0	0.0	0.0	0.0	0.4576462493183379	16000	473059.42332317587	786290.289154665	-0.6016345742127359
0.0	0.0	0.1	0.0	0.0	0.0	0.0	0.0	0.0	0.4611845688584519	16100	476383.6601004145	789924.6107960128	-0.6030748423199008
0.0	0.0	0.1	0.0	0.0	0.0	0.0	0.0	0.0	0.46472288839856585	16200	474619.0473160942	795162.2436771042	-0.5968832789661795
0.0	0.0	0.1	0.0	0.0	0.0	0.0	0.0	0.0	0.4682612079386798	16300	401613.81197472813	785559.4666357128	-0.51124558869452
0.0	0.0	0.1	0.0	0.0	0.0	0.0	0.0	0.0	0.4717995274787938	16400	322315.96526270715	714347.355946641	-0.4512034132688565
0.0	0.0	0.1	0.0	0.0	0.0	0.0	0.0	0.0	0.47533784701890774	16500	331023.44456161885	716709.8312715278	-0.4618653604546546
0.0	0.0	0.1	0.0	0.0	0.0	0.0	0.0	0.0	0.4788761665590217	16600	338690.1759698577	719872.3364578729	-0.47048644435537074
0.0	0.0	0.1	0.0	0.0	0.0	0.0	0.0	0.0	0.4824144860991357	16700	346271.3670119506	722964.243967799	-0.47896057087350724
0.0	0.0	0.1	0.0	0.0	0.0	0.0	0.0	0.0	0.48595280563924964	16800	353809.1315497154	725962.0285600139	-0.4873658919207049
0.0	0.0	0.1	0.0	0.0	0.0	0.0	0.0	0.0	0.4894911251793636	16900	361299.16425082344	728900.8471140495	-0.49567669688040816
0.0	0.0	0.1	0.0	0.0	0.0	0.0	0.0	0.0	0.49302944471947757	17000	368637.23568145867	731749.5237390128	-0.5037751631157024
0.0	0.0	0.1	0.0	0.0	0.0	0.0	0.0	0.0	0.49656776425959154	17100	375772.9011608726	734474.1839460254	-0.5116216599227498
0.0	0.0	0.1	0.0	0.0	0.0	0.0	0.0	0.0	0.5001060837997053	17200	382647.68319154007	737037.9965155865	-0.5191695475681599
