# exz		ezz		i		sxz		szz		tanPhi		tens_media
0.0	0.9952596231843226	100	0.6483212530213239	2.0187034346273953	0.321157254651914	-1.7349420395433566
0.0	0.9905417175409996	200	0.04604653434790781	1.1300609706197946	-0.04074694688610746	-0.6523948383932779
0.0	0.9858461765482063	300	0.48713663103525384	1.0029016964830049	0.4857271981327323	-1.1799207529689646
0.0	0.9811728941890729	400	0.0	0.0	0	0.0
0.0	0.9765217649492874	500	0.5898765501315207	1.5161964068973688	0.3890502229447965	-0.8530722019242445
0.0	0.9718926838147175	600	0.4671052076969172	0.6964165085964916	0.670726787678092	-0.8255889093159884
0.0	0.9672855462690355	700	0.2356148199621394	0.16144056938662152	-1.4594523598209301	-0.2688993073753407
0.0	0.9627002482913617	800	0.19972315240608615	0.5396392474288949	0.37010494206576866	-0.3704464304380286
0.0	0.9581366863539145	900	0.4966519398803641	1.0804579529485798	-0.4596679940436334	-0.574291426883002
0.0	0.9535947574196724	1000	0.004958581405682994	0.023419955666048268	0.21172462819267468	-0.03324392590360254
0.0	0.9490743589400484	1100	0.034050512592511614	0.9570632715302172	0.035578120700493876	-0.9585374277246689
0.0	0.9445753888525756	1200	0.35309012418806346	0.8277706148925528	0.4265555189270589	-0.7686246696734331
0.0	0.9400977455785989	1300	0.18419672464813078	1.04611404584244	0.17607709731093074	-1.3691544920966268
0.0	0.9356413280209878	1400	0.3471480069435735	1.6045903312483782	0.21634681462494595	-1.0318727030587935
0.0	0.9312060355618476	1500	0.5996858052027335	0.8891673796625755	0.6744352288658008	-2.507190757808296
0.0	0.926791768060251	1600	0.7331947194576455	1.5520286537651475	-0.47241055613177635	-1.7895076191546753
0.0	0.9223984258499776	1700	0.6775215619176947	3.4626602585487603	-0.1956650411327537	-2.878663034414069
0.0	0.9180259097372604	1800	0.9102966033457627	3.5400102058328398	-0.2571451917979999	-2.063248969360545
0.0	0.9136741209985503	1900	1.4759412887716814	2.160538282372121	-0.6831359114596203	-1.6231493134748074
0.0	0.9093429613782841	2000	0.31509945492092833	5.846227252885589	0.05389791420875764	-4.939401391020727
0.0	0.905032333086667	2100	0.27441882689457603	4.322110935644104	-0.06349185177813597	-4.315651607762793
0.0	0.9007421387974648	2200	0.06356623442601372	5.89508633259659	-0.010782918322082469	-3.7813730794297036
0.0	0.8964722816458055	2300	1.4095504902224427	2.6712115448853155	-0.5276820897698538	-1.9498907991703083
0.0	0.8922226652259944	2400	0.28579101662589024	3.9941199495109534	-0.07155293787831359	-5.8452958804935236
0.0	0.8879931935893346	2500	1.759803261623721	9.383743499986393	-0.187537442985976	-9.780115145116836
0.0	0.8837837712419645	2600	2.3675026698381654	7.03746149182687	0.33641429833580233	-8.858155739126133
0.0	0.8795943031426972	2700	2.4188621613927	13.317811806505452	-0.18162609567820595	-10.617231522900056
0.0	0.875424694700878	2800	2.217279722859353	12.374787232479594	-0.17917719967255277	-15.493234987388156
0.0	0.8712748517742467	2900	4.8841939292592516	31.81895506346488	-0.153499507432517	-25.998854801953808
0.0	0.8671446806668132	3000	2.8267936333273798	30.622623544050075	-0.09231062875005107	-29.04250203647285
0.0	0.8630340881267424	3100	11.90476206933087	64.84219342654391	-0.18359591864851252	-54.77735205583949
0.0	0.8589429813442472	3200	6.219736894901535	76.03463913084128	-0.08180136009061002	-72.59137816466169
0.0	0.854871267949494	3300	5.315068360884711	115.56404611070042	-0.04599240455628675	-108.35098325264259
0.0	0.8508188560105167	3400	0.036954830487317764	97.75825108736133	0.0003780226229118318	-112.73917948096017
0.0	0.8467856540311427	3500	5.167073697674331	153.43326234482606	0.03367635947192366	-148.67915178606438
0.0	0.8427715709489254	3600	2.22177040399335	180.4084909995473	-0.012315220817400026	-198.63534439520632
0.0	0.838776516133087	3700	11.031096929228875	198.9750646375881	-0.05543959465132399	-194.46360599850505
0.0	0.8348003993824753	3800	9.213291509424373	286.8044145357727	-0.0321239529187066	-293.0138611167785
0.0	0.8308431309235241	3900	18.125061324014673	315.24552469794247	-0.0574950630667366	-345.24614578508243
0.0	0.8269046214082298	4000	0.6258928700024284	449.5273718027445	0.0013923353932651609	-480.0639228727489
0.0	0.8229847819121298	4100	29.176848043384172	765.1253760937024	-0.03813342094643974	-792.430746530783
0.0	0.8190835239322979	4200	34.60673279348254	821.2849053882642	0.042137305296171414	-922.3621107617615
0.0	0.8152007593853461	4300	54.668258473807946	1401.7432502932247	0.039000193838901756	-1420.346795604494
0.0	0.811336400605433	4400	110.43813930145326	1520.1060709025853	0.07265160071091552	-1534.14891363636
0.0	0.8074903603422875	4500	28.871799859663334	1865.733918593579	-0.015474768171351773	-1800.0570648544137
0.0	0.8036625517592375	4600	74.99452507158621	3172.918446113802	-0.023635818677734902	-3172.698027082388
0.0	0.7998528884312499	4700	15.56059849658058	3906.103779429781	-0.003983662333429385	-3894.54970713179
0.0	0.7960612843429776	4800	104.12480442187817	6066.066852686594	0.01716512642384784	-6061.681062172483
0.0	0.7922876538868195	4900	265.71290157740134	8275.558624667423	0.032108152890775975	-8379.203031415569
0.0	0.788531911860987	5000	168.4741084469717	12268.220263481142	0.013732563063647401	-12526.082271093343
0.0	0.7847939734675795	5100	67.53633455632715	18839.476385699327	0.003584830765657194	-19146.23768557508
0.0	0.7810737543106706	5200	626.1342039639876	28042.16353000191	0.022328312981061377	-28222.419812669028
0.0	0.7773711703944023	5300	141.85972418955424	40710.76248341179	0.0034845754669261503	-42565.69460745379
0.0	0.7736861381210892	5400	659.7271842831353	57895.829587441614	0.011395072650038321	-58768.65467633019
0.0	0.7700185742893293	5500	946.6878841846957	72276.52162509295	0.013098138412018222	-74231.09286773548
0.0	0.7663683960921271	5600	813.648428169637	88234.36219496501	0.00922144624757164	-90224.20015459273
0.0	0.7627355211150244	5700	785.5318024937632	106875.88696347861	0.007349944171805501	-110798.90218861128
0.0	0.7591198673342369	5800	3314.6489937470105	127349.24139267116	-0.02602802307652981	-130689.66848399962
0.0	0.7555213531148056	5900	2764.853656676065	152349.57353993948	-0.018148089242607822	-153385.81166054084
0.0	0.7519398972087513	6000	948.1397336432605	178432.0823623547	-0.005313729017171955	-181795.0342379914
0.0	0.74837541875324	6100	2868.8993394226986	209739.34203548005	-0.013678403448683405	-212516.07615695058
0.0	0.7448278372687596	6200	2504.7722256948255	244840.93037041416	-0.01023020220477603	-246103.1640997601
0.0	0.7412970726572997	6300	589.4222030606668	278271.6719429439	0.0021181538133048642	-279039.9345583042
0.0	0.7377830452005457	6400	4628.154674118392	319677.3198938528	0.01447758219336657	-313809.36924989225
0.0	0.7342856755580771	6500	8514.813012332894	362637.79140043736	0.02348021418134697	-350617.04571352067
0.0	0.7308048847655774	6600	2360.0884287542845	397415.74747187115	0.005938588100164123	-388947.08937440644
0.0	0.7273405942330509	6700	2347.377514913343	443736.50322752824	0.005290025719857698	-431648.81391581363
0.0	0.7238927257430475	6800	304.2217873169398	488406.410578954	0.0006228865566205758	-473457.44315191056
0.0	0.7204612014488977	6900	1471.0452936159454	532278.0719419112	0.002763678180934878	-516911.5392158904
0.0	0.7170459438729548	7000	147.41440707772185	579799.0958395941	-0.000254250839878	-563567.8365531835
0.0	0.7136468759048443	7100	1097.1123657002506	638533.0644185779	0.0017181762806586002	-612679.3702247937
0.0	0.7102639207997241	7200	1110.2580561050706	700322.8371345156	0.0015853517795419486	-665371.3382452362
0.0	0.7068970021765528	7300	2528.739170138189	766047.1807262658	-0.003301022748678181	-719682.5553014869
0.0	0.7035460440163634	7400	2638.781158730805	834297.5711491822	-0.0031628776709682646	-778163.2050534673
0.0	0.700210970660546	7500	643.594087577536	903273.9549211055	0.0007125126148840961	-834133.0836791927
0.0	0.6968917068091444	7600	505.92984283535344	972139.3494753676	-0.0005204293428801001	-890375.8869627811
0.0	0.6935881775191487	7700	5836.891660429458	1049953.1735872268	0.005559192359491019	-950561.9350591017
0.0	0.6903003082028091	7800	5598.890519382933	1123646.6816288794	0.004982785613059949	-1011240.0804641321
0.0	0.6870280246259493	7900	14338.533357715956	1199461.6916813755	0.011954140309071945	-1077093.0902807044
0.0	0.6837712529062914	8000	14049.810772294319	1281912.8498005897	0.010960035835883744	-1146289.9620693692
0.0	0.6805299195117874	8100	14500.609598730343	1368447.2772103623	0.01059639625158994	-1217122.1199125904
0.0	0.6773039512589584	8200	14261.891714058238	1455676.7358669932	0.00979743054392082	-1288983.3408252269
0.0	0.6740932753112437	8300	13044.532679018193	1545597.945377989	0.008439796855338109	-1361176.4571282042
0.0	0.6708978191773542	8400	9906.663803535665	1628121.8902241257	0.0060847187566355505	-1432225.750199443
0.0	0.667717510709638	8500	9629.344778495133	1715756.9803533447	0.00561230109436131	-1507462.6363541458
0.0	0.6645522781024479	8600	3983.8107541830395	1805361.59856681	0.002206655307914822	-1583806.452817974
0.0	0.6614020498905258	8700	3821.6693784119907	1900471.8575051003	0.0020109055355489445	-1664918.6076329963
0.0	0.6582667549473837	8800	3138.232822282294	2002406.9928347701	0.001567230255143864	-1748177.9575654592
0.0	0.6551463224837	8900	1860.018149262314	2105671.7745369035	0.0008833371714218777	-1833983.551285295
0.0008065262869685523	0.652846729484981	9000	3913.1735025129287	2184959.470556923	-0.0017909593085108815	-1898235.6447068683
0.003908550467616836	0.652846729484981	9100	23213.25246819805	2185198.015563328	-0.010622951468411364	-1898262.1708401747
0.007010574648265084	0.652846729484981	9200	42411.36683303768	2185462.353332208	-0.019406130134601688	-1898204.4434264703
0.010112598828913332	0.652846729484981	9300	61469.78814416303	2185722.216319025	-0.02812333044209264	-1898068.846474991
0.01321462300956158	0.652846729484981	9400	80476.9187931713	2186001.604805583	-0.03681466592533846	-1897855.0519178358
0.01631664719020987	0.652846729484981	9500	99384.32446292421	2186285.614416774	-0.045458069982972714	-1897543.2863279919
0.01941867137085829	0.652846729484981	9600	118197.69265067589	2186594.0407334897	-0.054055618212069514	-1897149.4197071006
0.022520695551506712	0.652846729484981	9700	136959.90171372212	2186887.6902550557	-0.06262777111235582	-1896650.6955566842
0.025622719732155134	0.652846729484981	9800	155593.9695347123	2187161.8141976744	-0.07113966992505741	-1896091.5083226797
0.028724743912803555	0.652846729484981	9900	174082.46901147038	2187478.036982073	-0.0795813562780457	-1895475.4051810305
0.031826768093451974	0.652846729484981	10000	192504.98602067545	2187757.465512728	-0.08799192280464212	-1894760.0063335912
0.034928792274100395	0.652846729484981	10100	210797.3381474575	2188103.168300386	-0.09633793378727878	-1894008.2790405296
0.03803081645474882	0.652846729484981	10200	228950.52565905557	2188432.5962036503	-0.10461849547307235	-1893187.044996491
0.04113284063539724	0.652846729484981	10300	246990.5642098314	2188777.236063608	-0.11284408488002642	-1892296.8779382836
0.04423486481604566	0.652846729484981	10400	264872.74886604596	2189171.687301311	-0.12099222295011787	-1891351.7158986924
0.04733688899669408	0.652846729484981	10500	282647.3847865095	2189602.8136571273	-0.12908614431054052	-1890338.071247704
0.050438913177342504	0.652846729484981	10600	300385.8363350081	2190134.3252333542	-0.1371540699007138	-1889280.6425028231
0.053540937357990925	0.652846729484981	10700	318049.5820348087	2190655.098712746	-0.14518469028816916	-1888129.959408237
0.05664296153863935	0.652846729484981	10800	335551.61618012504	2191226.8897553785	-0.15313412670724616	-1886920.6696396286
0.05974498571928777	0.652846729484981	10900	352883.6800063922	2191826.078577892	-0.160999854621381	-1885671.4138550425
0.06284700989993619	0.652846729484981	11000	370049.792988086	2192501.7900489825	-0.16877969936791648	-1884396.9540463963
0.06594903408058461	0.652846729484981	11100	387085.6644402957	2193241.952959699	-0.17649017880491383	-1883053.0544291816
0.06905105826123303	0.652846729484981	11200	403942.74297300004	2193962.7421114338	-0.18411558921199006	-1881656.0837162833
0.07215308244188146	0.652846729484981	11300	420720.50952546444	2194718.4452738357	-0.19169680303706155	-1880203.787558974
0.07525510662252988	0.652846729484981	11400	437378.7367992888	2195562.9775381363	-0.19921028969513657	-1878705.5952497118
0.0783571308031783	0.652846729484981	11500	453871.95079766086	2196477.709907427	-0.20663626530350257	-1877190.6949096194
0.08145915498382672	0.652846729484981	11600	470204.1292390049	2197410.7593438053	-0.21398098978063534	-1875638.9742254317
0.08456117916447514	0.652846729484981	11700	486384.5234924058	2198392.170603154	-0.2212455675544735	-1874025.548693156
0.08766320334512356	0.652846729484981	11800	502408.3589316345	2199370.6350738914	-0.22843278477924905	-1872359.5195831433
0.09076522752577199	0.652846729484981	11900	518284.9052835916	2200366.0721528325	-0.23554485403263056	-1870638.0070106916
0.09386725170642041	0.652846729484981	12000	534019.2670247755	2201353.623015767	-0.2425867709037998	-1868837.271207236
0.09696927588706883	0.652846729484981	12100	549740.2839781439	2202408.8848350565	-0.24960863886966894	-1867016.5241735403
0.10007130006771725	0.652846729484981	12200	565296.98979318	2203489.7645844175	-0.25654622902221474	-1865162.8516771933
0.10317332424836567	0.652846729484981	12300	580620.7427662816	2204729.4039269765	-0.26335238316870224	-1863355.1414262105
0.1062753484290141	0.652846729484981	12400	595729.0174050563	2206014.0199183216	-0.27004770233831665	-1861566.229158737
0.10937737260966252	0.652846729484981	12500	610630.4601731873	2207263.9521877402	-0.2766458717218473	-1859762.0288310617
0.11247939679031094	0.652846729484981	12600	625374.9934542042	2208525.046397041	-0.2831640938256203	-1857924.8662054008
0.11558142097095936	0.652846729484981	12700	639936.9632594478	2209825.568153349	-0.2895870934257558	-1856045.3489336201
0.11868344515160778	0.652846729484981	12800	654320.6433540572	2211176.675083662	-0.2959151345648581	-1854124.841178796
0.1217854693322562	0.652846729484981	12900	668509.874042108	2212550.500386464	-0.3021444590418795	-1852188.4220335048
0.12488749351290462	0.652846729484981	13000	682476.5153526287	2214138.828011235	-0.3082356475206376	-1850299.945314098
0.12798951769355305	0.652846729484981	13100	696289.0665961492	2215903.9941965006	-0.3142234809900361	-1848420.701326221
0.13109154187420147	0.652846729484981	13200	709889.8376031255	2217803.105813336	-0.3200869525984306	-1846553.5355194844
0.1341935660548499	0.652846729484981	13300	723314.1772674914	2219748.057948154	-0.32585417731420113	-1844684.2487892022
0.1372955902354983	0.652846729484981	13400	736551.0589769101	2221841.0746314307	-0.3315048350607582	-1842820.2965909215
0.14039761441614673	0.652846729484981	13500	749555.2153321613	2224050.8829113236	-0.3370225119809218	-1840972.4215357464
0.14349963859679515	0.652846729484981	13600	762338.3316254528	2226391.232847269	-0.3424098695585141	-1839142.114467087
0.14660166277744358	0.652846729484981	13700	774954.5099879547	2228738.8490986754	-0.3477098765076735	-1837285.054422735
0.149703686958092	0.652846729484981	13800	787357.4522140976	2231078.236837363	-0.3529044563359671	-1835372.4548052175
0.15280571113874042	0.652846729484981	13900	799578.9818787626	2233423.0345917433	-0.35800606042595107	-1833407.7543636728
0.15590773531938884	0.652846729484981	14000	811570.7729607507	2235855.2887042267	-0.3629800090644912	-1831457.1036567267
0.15900975950003726	0.652846729484981	14100	823355.7693372224	2238337.1629658965	-0.3678426034111141	-1829475.2626578289
0.16211178368068568	0.652846729484981	14200	834867.7293426797	2240943.642771929	-0.3725518631561802	-1827490.6801500965
0.1652138078613341	0.652846729484981	14300	846126.7992481776	2243710.904587545	-0.37711043678495587	-1825510.9261879444
0.16831583204198253	0.652846729484981	14400	857143.8156416189	2246558.9095742614	-0.3815363184952286	-1823531.0380308097
0.17141785622263095	0.652846729484981	14500	867930.6788761623	2249470.597327272	-0.3858377521837368	-1821535.9365373794
0.17451988040327937	0.652846729484981	14600	878565.4370218634	2252384.7781552738	-0.39006010231582966	-1819519.357426665
0.1776219045839278	0.652846729484981	14700	889037.4939160775	2255318.150845018	-0.39419604439532163	-1817496.478615837
0.1807239287645762	0.652846729484981	14800	899235.8948709195	2258389.1071624965	-0.3981758023978183	-1815520.584347606
0.18382595294522464	0.652846729484981	14900	909109.5208901567	2261544.614496764	-0.4019861094327563	-1813563.8223119685
0.18692797712587306	0.652846729484981	15000	918795.7326187538	2264732.8792871987	-0.4056971756015373	-1811604.9909992965
0.19003000130652148	0.652846729484981	15100	928288.1119714289	2267807.3070068266	-0.409332886927079	-1809589.669251586
0.1931320254871699	0.652846729484981	15200	937560.2781899201	2270805.777073644	-0.41287559141149494	-1807547.0406883284
0.19623404966781832	0.652846729484981	15300	946547.659320038	2273839.1084345966	-0.41627732402389717	-1805540.900774086
0.19933607384846674	0.652846729484981	15400	955286.4242012377	2276899.1731947954	-0.4195558746946368	-1803501.8566732686
0.20243809802911517	0.652846729484981	15500	963897.5711954358	2279933.4390658857	-0.42277443484944693	-1801460.2828221805
0.2055401222097636	0.652846729484981	15600	972347.977059514	2283108.470528047	-0.4258877708226562	-1799457.9837248109
0.208642146390412	0.652846729484981	15700	980502.0845031643	2286338.46919957	-0.4288525507977088	-1797465.9057555126
0.21174417057106043	0.652846729484981	15800	988286.6762232978	2289641.784508632	-0.4316337528909086	-1795543.5015161901
0.21484619475170885	0.652846729484981	15900	995886.4841310588	2292900.984854195	-0.4343347099196205	-1793610.7549594839
0.21794821893235727	0.652846729484981	16000	1003238.6396936805	2296282.0922098956	-0.43689694881005836	-1791765.9468939595
0.2210502431130057	0.652846729484981	16100	1010321.8023719353	2299749.3413198264	-0.43931822665165393	-1789953.8762693414
0.22415226729365412	0.652846729484981	16200	1017180.1331816155	2303274.3828914473	-0.44162351682333406	-1788153.3952275913
0.22725429147430254	0.652846729484981	16300	1023821.3974638286	2306877.084002337	-0.44381272178036485	-1786431.5408570028
0.23035631565495096	0.652846729484981	16400	1030213.3161223163	2310482.3796249893	-0.4458866794255875	-1784729.2191218284
0.23345833983559938	0.652846729484981	16500	1036306.1291634263	2314126.2043147855	-0.4478174644196976	-1783042.4750400623
0.2365603640162478	0.652846729484981	16600	1042093.4659260011	2317705.0129207675	-0.44962299348559326	-1781329.4364742504
0.23966238819689623	0.652846729484981	16700	1047599.3587607015	2321348.7080899104	-0.4512890954770445	-1779627.6713443687
0.24276441237754465	0.652846729484981	16800	1053006.0359588035	2325103.3460544553	-0.45288569118688177	-1777995.691513723
0.24586643655819307	0.652846729484981	16900	1058227.3345573673	2328836.9291384593	-0.45440164629682883	-1776379.0052187184
0.2489684607388415	0.652846729484981	17000	1063154.2590609198	2332585.8023039256	-0.45578355917747093	-1774780.9661272487
0.2520704849194881	0.652846729484981	17100	1067646.3030019295	2336486.3354472173	-0.4569452373011956	-1773290.2287847616
0.2551725091001337	0.652846729484981	17200	1071620.9191470863	2340521.2527289228	-0.4578556669364286	-1771838.4823333102
0.2582745332807794	0.652846729484981	17300	1075133.0835958747	2344648.370039302	-0.4585476855865824	-1770419.8414424264
0.261376557461425	0.652846729484981	17400	1078611.28851149	2348926.6035685334	-0.4591932701825776	-1769043.0848837246
0.26447858164207066	0.652846729484981	17500	1081638.8216631233	2353131.525958642	-0.4596593134429554	-1767668.4421860296
0.2675806058227163	0.652846729484981	17600	1083715.4606240583	2357369.7006696854	-0.45971383288594686	-1766344.4340259663
0.27068263000336196	0.652846729484981	17700	1085289.9927413268	2362113.548839521	-0.4594571642309563	-1765220.3154247466
0.2737846541840076	0.652846729484981	17800	1085488.2523501464	2366916.6858493765	-0.45860855975190995	-1764123.0620118699
0.27688667836465325	0.652846729484981	17900	1084722.6783511424	2371690.1851624902	-0.45736272179952775	-1762976.8035203293
0.2799887025452989	0.652846729484981	18000	1085118.7057630839	2376069.0136983693	-0.4566865269936282	-1761998.0745490806
0.28309072672594454	0.652846729484981	18100	1081705.5783700026	2380222.706570236	-0.45445561685640673	-1761364.8740689114
0.2861927509065902	0.652846729484981	18200	1073585.2563094662	2384748.1794254384	-0.4501881018599318	-1761470.8108316967
0.28929477508723583	0.652846729484981	18300	1042922.300653869	2390664.508388517	-0.4362478704119279	-1765246.3697686698
0.2923967992678815	0.652846729484981	18400	965450.1794605041	2388643.2489618096	-0.4041834961667564	-1773863.847528673
0.2954988234485271	0.652846729484981	18500	943720.3522572007	2382213.7993035414	-0.39615266796502674	-1774771.9687332714
0.29860084762917277	0.652846729484981	18600	914778.435554421	2380934.7166108475	-0.3842097933943215	-1777907.3977668288
0.3017028718098184	0.652846729484981	18700	908303.5190419436	2382905.396809997	-0.38117481300679934	-1778495.5413277398
0.30480489599046406	0.652846729484981	18800	886655.0424043799	2383585.361353258	-0.3719837589122421	-1781417.4265299502
0.3079069201711097	0.652846729484981	18900	852607.4744434785	2385188.092782979	-0.3574592196830385	-1786259.7498594096
0.31100894435175536	0.652846729484981	19000	855567.5635096997	2387832.494117437	-0.3583030072743543	-1786202.865635426
0.314110968532401	0.652846729484981	19100	849567.7856251001	2391971.9098202987	-0.3551746498933282	-1788153.6342452504
0.31721299271304665	0.652846729484981	19200	813493.9170258788	2393716.1863865647	-0.33984560143443276	-1795470.232421332
0.3203150168936923	0.652846729484981	19300	812263.0096380531	2395968.0489198053	-0.3390124546962354	-1796016.6021816588
0.32341704107433794	0.652846729484981	19400	806978.922626944	2397885.676695037	-0.33653769671754685	-1797249.9839101862
0.3265190652549836	0.652846729484981	19500	790071.7970744105	2400008.928862045	-0.32919535738936606	-1800887.4605295334
0.32962108943562923	0.652846729484981	19600	769441.5605160443	2406016.966867666	-0.3197988921573405	-1805959.7633611856
0.3327231136162749	0.652846729484981	19700	737151.1925601282	2409877.551394727	-0.30588740582835783	-1811783.2020509944
0.3358251377969205	0.652846729484981	19800	666297.2382041528	2401753.633850554	-0.2774211429570849	-1821049.5578144619
0.33892716197756617	0.652846729484981	19900	672866.4689875166	2401981.215153273	-0.28012977984283705	-1820290.857988178
0.3420291861582118	0.652846729484981	20000	665561.0681242504	2397478.73882973	-0.27760874678251685	-1821063.7241163542
0.34513121033885746	0.652846729484981	20100	664668.5137133981	2394862.188088263	-0.27753935780496014	-1821127.9580077834
0.3482332345195031	0.652846729484981	20200	665166.4709439785	2393211.390463767	-0.27793887058805933	-1821160.7170832513
0.35133525870014876	0.652846729484981	20300	666890.7349610857	2391630.257847797	-0.2788435765824495	-1821068.114877857
0.3544372828807944	0.652846729484981	20400	668356.4587787609	2390590.349471409	-0.2795779958396232	-1821078.395977578
0.35753930706144005	0.652846729484981	20500	671362.2726712059	2390957.375790574	-0.2807922380670709	-1821010.309048174
0.3606413312420857	0.652846729484981	20600	672952.7157697529	2391401.7605458386	-0.28140512684750685	-1820964.8137557844
0.36374335542273134	0.652846729484981	20700	676480.822464691	2392416.0346413027	-0.2827605285491729	-1820970.2399839133
0.366845379603377	0.652846729484981	20800	678678.1164977851	2393227.162723207	-0.28358282367375875	-1821136.2085815798
0.36994740378402263	0.652846729484981	20900	679904.9748550276	2392978.7049935125	-0.2841249583359209	-1821101.307342223
0.3730494279646683	0.652846729484981	21000	677755.250280836	2392351.217465028	-0.2833008988533865	-1821143.8115430644
0.3761514521453139	0.652846729484981	21100	676060.1596676968	2391956.278636462	-0.28263901213657877	-1821246.2019865504
0.37925347632595957	0.652846729484981	21200	678388.6657016228	2391970.411532273	-0.2836108099125915	-1821130.9149819326
0.3823555005066052	0.652846729484981	21300	680881.1646583516	2392228.217477849	-0.2846221609141504	-1820841.2553535483
0.38545752468725086	0.652846729484981	21400	680197.1925374896	2391603.893294072	-0.2844104721708832	-1820585.4591167339
0.3885595488678965	0.652846729484981	21500	678621.418786199	2389939.25116754	-0.2839492336278744	-1820278.3389526953
0.39166157304854216	0.652846729484981	21600	678932.2710814249	2389143.2241486055	-0.2841739516572386	-1819987.359844176
0.3947635972291878	0.652846729484981	21700	681055.0661177253	2388992.80261043	-0.28508041772815007	-1819745.4146880351
0.39786562140983345	0.652846729484981	21800	682498.4560891271	2389651.2015564484	-0.2856058891124346	-1819877.7709761832
0.4009676455904791	0.652846729484981	21900	683443.5220274125	2390308.5860543377	-0.2859227155919508	-1819981.2425966605
0.40406966977112474	0.652846729484981	22000	682665.0417724419	2389966.4271659497	-0.28563792110751707	-1819840.3642447472
0.4071716939517704	0.652846729484981	22100	679573.8371459711	2389537.5741184824	-0.28439554351710533	-1819683.06749628
0.41027371813241603	0.652846729484981	22200	677931.222654701	2388454.2471470223	-0.2838368051071027	-1818964.9237073523
0.4133757423130617	0.652846729484981	22300	670780.7496209352	2385679.248376065	-0.2811697130188547	-1818559.4395318385
0.4164777664937073	0.652846729484981	22400	672623.9405532219	2384981.694777186	-0.28202478116548435	-1817876.1695471657
0.41957979067435297	0.652846729484981	22500	674443.3503545074	2384186.5187690086	-0.28288195786910697	-1817149.0983452082
0.4226818148549986	0.652846729484981	22600	675969.4534739894	2384334.8870752505	-0.2835044091910968	-1816594.5865278086
0.42578383903564426	0.652846729484981	22700	679139.3071146146	2384886.0476271603	-0.2847680323302338	-1815935.5324948952
0.4288858632162899	0.652846729484981	22800	681359.6855632287	2386428.2681221594	-0.28551442113924475	-1815671.781055244
0.43198788739693555	0.652846729484981	22900	683277.4754050074	2387681.149146478	-0.2861678058015652	-1815341.7510210222
0.4350899115775812	0.652846729484981	23000	685944.6944943205	2388595.9955158513	-0.2871748490670064	-1814739.9633743744
0.43819193575822685	0.652846729484981	23100	687303.7483251207	2389533.4012088417	-0.28763094417404683	-1814182.533417753
0.4412939599388725	0.652846729484981	23200	687762.8848967762	2390169.7293332997	-0.287746462711925	-1813396.0376937117
0.44439598411951814	0.652846729484981	23300	689646.2837725019	2391319.1113044093	-0.28839575634734743	-1812535.730013921
0.4474980083001638	0.652846729484981	23400	690944.6944572704	2393459.4589292826	-0.28868034170353796	-1812104.7242818803
0.45060003248080943	0.652846729484981	23500	688173.8779623406	2396420.0888601197	-0.287167463318035	-1812092.6357259052
0.4537020566614551	0.652846729484981	23600	681595.7604944461	2399508.3511888655	-0.2840564235405729	-1812170.8917623432
0.4568040808421007	0.652846729484981	23700	668898.9910120817	2401901.2394521707	-0.27848729998767363	-1812945.792129976
0.45990610502274637	0.652846729484981	23800	644128.3845408692	2402341.365941923	-0.2681252521696956	-1815131.3571933738
0.463008129203392	0.652846729484981	23900	622066.1186693407	2399234.185769249	-0.2592769486026193	-1816128.8197049324
0.46611015338403766	0.652846729484981	24000	612777.4187233482	2397229.060494885	-0.25561905152144543	-1816673.2652338103
0.4692121775646833	0.652846729484981	24100	612366.0941008904	2396505.168248283	-0.25552462903658046	-1816764.6867325858
0.47231420174532895	0.652846729484981	24200	613429.1833565113	2395957.0761925275	-0.2560267833893444	-1816664.544029258
0.4754162259259746	0.652846729484981	24300	612961.828178552	2395507.791093489	-0.25587970552946954	-1816830.543647782
0.47851825010662025	0.652846729484981	24400	613084.0405404364	2395333.665921	-0.2559493273371195	-1817039.0884288687
0.4816202742872659	0.652846729484981	24500	614249.8224506057	2394838.077617841	-0.2564890829953746	-1816823.7598632807
0.48472229846791154	0.652846729484981	24600	616442.9349817896	2394309.154574207	-0.257461712412579	-1816363.45000783
0.4878243226485572	0.652846729484981	24700	618241.9051986313	2394752.636491735	-0.2581652467055401	-1816105.018231484
0.49092634682920283	0.652846729484981	24800	619906.0489080844	2395341.348064137	-0.25879653829258153	-1815632.2277584968
0.4940283710098485	0.652846729484981	24900	621892.9902519693	2396187.7850478417	-0.25953432954318845	-1815186.9291780794
0.4971303951904941	0.652846729484981	25000	624589.3229348036	2397142.709505144	-0.2605557526709543	-1814657.0451202898
0.5002324193711398	0.652846729484981	25100	628044.3051050398	2398484.431640318	-0.26185048225454677	-1814236.5656133394
0.5033344435517855	0.652846729484981	25200	629762.2877841247	2399751.43137142	-0.2624281329938516	-1813917.4399435844
0.5064364677324311	0.652846729484981	25300	630292.5796654212	2399930.3217500504	-0.2626295330131944	-1813444.970335034
0.5095384919130768	0.652846729484981	25400	631071.0997306271	2400057.046482708	-0.2629400416358703	-1812803.7858280365
0.5126405160937224	0.652846729484981	25500	629325.1435028553	2399716.9598309435	-0.2622497377970735	-1812125.7909924034
0.515742540274368	0.652846729484981	25600	628693.0345328655	2399048.519069009	-0.2620593245762451	-1811314.1027120466
0.5188445644550137	0.652846729484981	25700	627456.8751836275	2399267.2727951347	-0.26152020756430494	-1811431.1181256592
0.5219465886356593	0.652846729484981	25800	623977.8815264141	2398825.9662551978	-0.2601180286957226	-1811849.8891612832
0.525048612816305	0.652846729484981	25900	623262.5422796763	2398303.96094604	-0.25987637615117926	-1811592.0673695963
0.5281506369969506	0.652846729484981	26000	623802.5971634153	2397980.7248400548	-0.2601366185731217	-1811159.2278855934
0.5312526611775963	0.652846729484981	26100	621163.4588644945	2397371.922391654	-0.2591018327455894	-1810970.9978026121
0.5343546853582419	0.652846729484981	26200	621045.783144063	2397408.895777865	-0.2590487522749256	-1810914.5510977355
0.5374567095388876	0.652846729484981	26300	607035.2559024141	2389825.9810845843	-0.2540081414743516	-1811850.0342135776
0.5405587337195332	0.652846729484981	26400	609724.6953453581	2391758.037783714	-0.2549274156136422	-1812251.1649108818
0.5436607579001789	0.652846729484981	26500	612306.1206942162	2393280.0789361205	-0.2558439048080003	-1812459.835351929
0.5467627820808245	0.652846729484981	26600	612207.7199514941	2393502.4781357087	-0.255779020721274	-1812666.9805619766
0.5498648062614702	0.652846729484981	26700	610038.5213885751	2393192.4560131175	-0.254905751460062	-1813215.159896387
0.5529668304421158	0.652846729484981	26800	608400.8830601609	2393973.728775245	-0.2541384960692189	-1813692.6393010372
0.5560688546227615	0.652846729484981	26900	609534.1883581602	2393880.4146084394	-0.25462182013710155	-1813355.3722026444
0.5591708788034071	0.652846729484981	27000	611850.7761693419	2393918.999235009	-0.255585413025613	-1812753.2713380735
0.5622729029840527	0.652846729484981	27100	611993.613128755	2394657.1766603556	-0.25556627441020824	-1812699.7636261024
0.5653749271646984	0.652846729484981	27200	611230.4300635902	2395445.1703239204	-0.25516360701378	-1812641.2207944721
0.568476951345344	0.652846729484981	27300	611650.3452999764	2395980.745006567	-0.2552818283597267	-1812443.57145378
0.5715789755259897	0.652846729484981	27400	612505.8226371768	2396307.8501507263	-0.2556039795131709	-1812110.479662433
0.5746809997066353	0.652846729484981	27500	611941.2413980416	2397169.6346723735	-0.25527656972914936	-1811993.0161003917
0.577783023887281	0.652846729484981	27600	613746.8578573972	2397708.5108672804	-0.25597225645889604	-1811510.4874035607
0.5808850480679266	0.652846729484981	27700	614679.3116037413	2398157.057674638	-0.2563132008542269	-1810995.0362115798
0.5839870722485723	0.652846729484981	27800	617047.1539345554	2399488.6265190328	-0.2571577740002515	-1810753.7109020466
0.5870890964292179	0.652846729484981	27900	617836.9410523409	2400940.0244051325	-0.2573312680750611	-1810564.7012082732
0.5901911206098636	0.652846729484981	28000	612014.982034906	2402520.357503142	-0.2547387289034056	-1811154.8253852455
0.5932931447905092	0.652846729484981	28100	611554.7769620647	2404508.060788269	-0.25433675475455836	-1811273.356861071
0.5963951689711549	0.652846729484981	28200	598940.0052078244	2406797.6706339284	-0.24885349213840194	-1812767.893185661
0.5994971931518005	0.652846729484981	28300	594622.0201044274	2407859.108746348	-0.2469505038498774	-1813525.477858288
0.6025992173324461	0.652846729484981	28400	589364.1023478862	2407803.1225830265	-0.24477254673365162	-1814291.291432583
0.6057012415130918	0.652846729484981	28500	589379.8724470125	2408110.377479644	-0.24474786453263167	-1814486.784270985
0.6088032656937374	0.652846729484981	28600	590681.8228582686	2408281.574313766	-0.24527108007566847	-1814473.5875618663
0.6119052898743831	0.652846729484981	28700	593686.0635369073	2408831.863516944	-0.24646222616389402	-1814360.42986036
0.6150073140550287	0.652846729484981	28800	597483.230610027	2409238.9499819516	-0.24799666741835755	-1814105.7426769324
0.6181093382356744	0.652846729484981	28900	600753.9273566193	2409223.5599181466	-0.2493558245699	-1813765.953345431
0.62121136241632	0.652846729484981	29000	603404.8066183975	2408790.180675579	-0.25050118995800796	-1813527.7658712734
0.6243133865969657	0.652846729484981	29100	603668.7564950271	2408261.3322401256	-0.2506658012623174	-1813792.850784229
0.6274154107776113	0.652846729484981	29200	601731.7940545101	2406546.805943535	-0.25003951411557485	-1814110.3711890008
0.630517434958257	0.652846729484981	29300	595206.9190123549	2403157.162360854	-0.2476770676236695	-1814619.1705195375
0.6336194591389026	0.652846729484981	29400	597902.4715257722	2402446.4381740093	-0.2488723419699674	-1814301.6200957978
0.6367214833195483	0.652846729484981	29500	600642.5318651133	2401425.294652607	-0.2501191826381603	-1813955.3751173622
0.6398235075001939	0.652846729484981	29600	602301.8144762327	2399872.4856163664	-0.25097242377923334	-1813651.869982781
0.6429255316808395	0.652846729484981	29700	602419.2037658874	2397254.863396396	-0.2512954350262069	-1813346.2052783265
0.6460275558614852	0.652846729484981	29800	603127.8740004697	2395099.243254144	-0.2518174876048223	-1813289.8140411254
0.6491295800421308	0.652846729484981	29900	605693.1149494136	2394640.877302977	-0.2529369312494115	-1813240.3790036459
0.6522316042227765	0.652846729484981	30000	598355.3687537349	2393478.528249827	-0.24999404076178097	-1815096.069875484
0.6553336284034221	0.652846729484981	30100	593096.3459056355	2393371.301288105	-0.24780791245655567	-1815756.07044363
0.6584356525840678	0.652846729484981	30200	583616.5222118839	2391989.1616142816	-0.2439879459228062	-1816919.6473939922
0.6615376767647134	0.652846729484981	30300	580263.5358474927	2390650.357579958	-0.2427220417271266	-1817207.3933594304
0.6646397009453591	0.652846729484981	30400	581644.3231870397	2389460.084442222	-0.24342081584627703	-1816812.1528116607
0.6677417251260047	0.652846729484981	30500	585211.4268916715	2388476.8280037977	-0.24501448790724506	-1816134.1918332123
0.6708437493066504	0.652846729484981	30600	589258.1564296735	2387734.4789980752	-0.2467854619567809	-1815419.7676308423
0.673945773487296	0.652846729484981	30700	593734.8619110801	2387692.2771434505	-0.2486647327189931	-1815015.7112892203
0.6770477976679417	0.652846729484981	30800	598024.052068624	2387949.6840807456	-0.25043410925085574	-1814810.8181733803
0.6801498218485873	0.652846729484981	30900	602301.9525927946	2388507.404992361	-0.252166667490286	-1814559.9698566913
0.683251846029233	0.652846729484981	31000	607261.2244337169	2389066.7895406256	-0.254183443967459	-1814213.737037928
0.6863538702098786	0.652846729484981	31100	611933.8201094795	2389261.041526978	-0.2561184439346118	-1813695.2396015103
0.6894558943905242	0.652846729484981	31200	616137.4793885518	2388626.50446093	-0.2579463462529078	-1812898.41331908
0.6925579185711699	0.652846729484981	31300	616901.6069449661	2385738.937281456	-0.2585788399999558	-1811584.8746838535
0.6956599427518155	0.652846729484981	31400	622048.4925659362	2386057.3261720454	-0.2607014029976762	-1810812.607288137
0.6987619669324612	0.652846729484981	31500	627440.1353711077	2386907.903197443	-0.2628673416894738	-1810227.5772167426
0.7018639911131068	0.652846729484981	31600	632598.0548442805	2387666.5693741417	-0.2649440516353579	-1809561.0970629219
0.7049660152937525	0.652846729484981	31700	636928.891302489	2388329.371424201	-0.2666838581492123	-1808746.7334375635
0.7080680394743981	0.652846729484981	31800	640519.7183951668	2389373.277392485	-0.2680701774208188	-1807985.2120360117
0.7111700636550438	0.652846729484981	31900	644380.0137633472	2390601.457189905	-0.269547235414472	-1807264.473144373
0.7142720878356894	0.652846729484981	32000	648912.8637988586	2392089.4543747166	-0.2712744971188722	-1806614.0515629854
0.717374112016335	0.652846729484981	32100	651774.3168406336	2394003.0746157346	-0.27225291552528647	-1806322.1901063025
0.7204761361969807	0.652846729484981	32200	653398.6313215556	2395059.198928163	-0.27281105686822466	-1805911.3116127623
0.7235781603776263	0.652846729484981	32300	655347.2002395305	2396145.4787244787	-0.2735005891997786	-1805542.4087769222
0.726680184558272	0.652846729484981	32400	658176.5303869026	2397442.964615835	-0.2745327167740854	-1805108.253854778
0.7297822087389176	0.652846729484981	32500	661201.9716651365	2399076.8829774656	-0.2756068287584542	-1804624.336837033
0.7328842329195633	0.652846729484981	32600	659655.13200893	2399314.7369049187	-0.27493480611879856	-1804189.53590672
0.7359862571002089	0.652846729484981	32700	664348.8309764822	2400695.923645239	-0.27673176949779166	-1803584.7192942984
0.7390882812808546	0.652846729484981	32800	668753.9111944429	2401897.2230341095	-0.2784273634946227	-1803087.0688496146
0.7421903054615002	0.652846729484981	32900	672552.6657225545	2402870.1701807193	-0.27989554910990966	-1802616.7412098877
0.7452923296421459	0.652846729484981	33000	675003.415409433	2403708.5661754915	-0.28081749381266374	-1802277.002040792
0.7483943538227915	0.652846729484981	33100	677571.9699115707	2404590.3485059952	-0.2817827037909203	-1801753.3922642136
0.7514963780034372	0.652846729484981	33200	677146.1520660196	2404155.146889947	-0.2816565948091938	-1801372.3544800747
0.7545984021840828	0.652846729484981	33300	678206.7566830327	2403586.2753499467	-0.28216451543196225	-1800496.8745188182
0.7577004263647285	0.652846729484981	33400	681693.0885194291	2403317.530719889	-0.2836467007816628	-1799483.3650636293
0.7608024505453741	0.652846729484981	33500	685174.0200695194	2402903.832408894	-0.28514417049417967	-1798717.208378628
0.7639044747260197	0.652846729484981	33600	688732.8187034377	2403498.107662453	-0.28655434198501284	-1798148.2869571915
0.7670064989066654	0.652846729484981	33700	691162.4641510476	2403695.228528114	-0.28754163836913554	-1797452.9151809204
0.770108523087311	0.652846729484981	33800	695127.4682549809	2403795.294727793	-0.2891791450709606	-1796650.3535330796
0.7732105472679567	0.652846729484981	33900	698835.1118020699	2403995.6195585933	-0.2906973316076115	-1795921.2465862492
0.7763125714486023	0.652846729484981	34000	700734.4635484507	2403609.916394185	-0.2915341872942799	-1795248.7393925136
0.779414595629248	0.652846729484981	34100	691480.6238087881	2401827.628783149	-0.2878976890440371	-1796397.2968063492
0.7825166198098936	0.652846729484981	34200	678005.6553336298	2398704.755952879	-0.2826549010048108	-1797538.581274778
0.7856186439905393	0.652846729484981	34300	675443.5941839481	2397259.9077013936	-0.2817565137655831	-1797940.856434245
0.7887206681711849	0.652846729484981	34400	666911.6325452428	2396290.1501140897	-0.2783100504392135	-1799384.8090126838
0.7918226923518306	0.652846729484981	34500	666665.4891565323	2396773.222028336	-0.2781512589632273	-1799827.0993956535
0.7949247165324762	0.652846729484981	34600	663524.8740563169	2396475.1258690506	-0.2768753436636227	-1801017.921794125
0.7980267407131219	0.652846729484981	34700	661743.6726247899	2396346.742086549	-0.27614687849747316	-1802150.3157569177
0.8011287648937675	0.652846729484981	34800	652664.0991684443	2394840.8254539813	-0.2725292187403399	-1804534.6037600737
0.8042307890744131	0.652846729484981	34900	643426.7950543578	2392684.7700406783	-0.2689141516303541	-1806501.0382614487
0.8073328132550588	0.652846729484981	35000	641504.3359417731	2392086.290452126	-0.2681777570074711	-1807085.532616236
0.8104348374357044	0.652846729484981	35100	643326.6565245888	2392045.1277574236	-0.26894419718900403	-1806913.3020581063
0.8135368616163501	0.652846729484981	35200	644238.8451469409	2390637.381918705	-0.2694841342394974	-1806427.7002382027
0.8166388857969957	0.652846729484981	35300	632699.870791867	2386552.4316330818	-0.2651104004276663	-1806262.2710162394
0.8197409099776414	0.652846729484981	35400	635220.2842465052	2386796.289661596	-0.26613929600861236	-1805863.0022146024
0.822842934158287	0.652846729484981	35500	634089.1131932777	2387239.3563958528	-0.2656160604484157	-1805974.176744357
0.8259449583389327	0.652846729484981	35600	620516.3350775948	2387178.1384493783	-0.2599371722969359	-1807278.5402889254
0.8290469825195783	0.652846729484981	35700	620003.5069404341	2387627.5541832973	-0.259673459478277	-1807207.4650319389
0.832149006700224	0.652846729484981	35800	619932.253171205	2388095.02509287	-0.25959279118179	-1807076.7849637773
0.8352510308808696	0.652846729484981	35900	621772.7332476327	2388297.169252514	-0.2603414437920363	-1806689.7915930052
0.8383530550615153	0.652846729484981	36000	625519.6012499726	2388198.5179940187	-0.26192110770396987	-1806032.654094942
0.8414550792421609	0.652846729484981	36100	629239.8035418822	2387575.4438732695	-0.2635476106761641	-1805368.7527902552
0.8445571034228065	0.652846729484981	36200	633405.337126035	2387319.953203897	-0.2653206731992396	-1804746.0596759776
0.8476591276034522	0.652846729484981	36300	638247.8859268101	2387635.395754719	-0.267313798020264	-1804212.0348345984
0.8507611517840978	0.652846729484981	36400	642756.8773028993	2388526.2508004536	-0.26910186860516844	-1803896.884513706
0.8538631759647435	0.652846729484981	36500	645847.2751469441	2389965.4265104546	-0.2702328945778659	-1803922.9013249762
0.8569652001453891	0.652846729484981	36600	647396.7135878645	2391734.695262062	-0.27068082211222405	-1804337.769603041
0.8600672243260348	0.652846729484981	36700	647386.6085386837	2393401.5902108722	-0.27048808323121626	-1805064.364682324
0.8631692485066804	0.652846729484981	36800	644469.9248040763	2394983.677288305	-0.2690915729053196	-1806167.524190117
0.8662712726873261	0.652846729484981	36900	645725.8915170252	2396228.3507682276	-0.26947594176907486	-1806497.5713598852
0.8693732968679717	0.652846729484981	37000	646933.0572921971	2397918.693581126	-0.26978940488013264	-1806668.383119179
0.8724753210486174	0.652846729484981	37100	648505.7081915899	2399689.912018815	-0.2702456283803827	-1806533.6821500103
0.875577345229263	0.652846729484981	37200	636280.0167952611	2403888.2550183414	-0.26468785122060773	-1807654.6898843057
0.8786793694099087	0.652846729484981	37300	637735.1635830676	2404274.778616463	-0.2652505317840798	-1807394.0661741348
0.8817813935905543	0.652846729484981	37400	638911.1500901589	2405206.148776669	-0.26563675234870016	-1807208.9651995006
0.8848834177711999	0.652846729484981	37500	638788.4127362076	2406553.0522416257	-0.2654370790376705	-1807271.2989341107
0.8879854419518456	0.652846729484981	37600	641209.0865830549	2407653.849900061	-0.26632112693843873	-1807069.2307992782
0.8910874661324912	0.652846729484981	37700	640434.3606658706	2409049.7252724995	-0.26584522268149857	-1807031.7664411094
0.8941894903131369	0.652846729484981	37800	642682.7347496755	2409171.9417708577	-0.266764992405346	-1806665.1242901639
0.8972915144937825	0.652846729484981	37900	644708.921143115	2409533.05591242	-0.2675659167908707	-1806386.9106777636
0.9003935386744282	0.652846729484981	38000	646727.2533445207	2410070.437026483	-0.26834371452746636	-1806102.0899488616
0.9034955628550738	0.652846729484981	38100	649032.3958809329	2411072.7345198793	-0.2691882275422835	-1805928.5538776154
0.9065975870357195	0.652846729484981	38200	651928.9538292101	2412113.299563403	-0.27027294030807364	-1805759.8138546217
0.9096996112163651	0.652846729484981	38300	652062.3683023407	2412541.2780763097	-0.2702802949851603	-1805682.7380942672
0.9128016353970108	0.652846729484981	38400	651074.4907269042	2412592.781916452	-0.26986505787757553	-1805533.5745148724
0.9159036595776564	0.652846729484981	38500	651820.822565277	2412912.797955357	-0.27013857405771724	-1805201.6702306757
0.919005683758302	0.652846729484981	38600	650497.8173745057	2413187.609784125	-0.26955957122318264	-1804913.3022222405
0.9221077079389477	0.652846729484981	38700	647521.349804834	2413744.4637945835	-0.26826425063524867	-1804665.8682011282
0.9252097321195933	0.652846729484981	38800	639933.8664726339	2414473.615897133	-0.2650407369371303	-1804615.372335096
0.928311756300239	0.652846729484981	38900	640222.946419274	2414449.421582473	-0.26516312195086716	-1804319.3849804997
0.9314137804808846	0.652846729484981	39000	570810.769757016	2394525.9335578512	-0.2383815358845957	-1809615.50438445
0.9345158046615303	0.652846729484981	39100	570710.7706457388	2395934.005662432	-0.2381997038720387	-1810244.7558492776
0.9376178288421759	0.652846729484981	39200	577382.6475962474	2396225.751415566	-0.2409550299069942	-1809838.0906815182
0.9407198530228216	0.652846729484981	39300	581734.3603299214	2395898.6692957417	-0.24280424200949963	-1809712.5063551364
0.9438218772034672	0.652846729484981	39400	585162.13320148	2395541.91795896	-0.2442712977863679	-1809748.7063115789
0.9469239013841129	0.652846729484981	39500	589245.0426194775	2395154.0440543126	-0.24601550955864773	-1809574.3721861609
0.9500259255647585	0.652846729484981	39600	591829.5098393379	2394115.540953536	-0.2472017326296717	-1809380.0819784638
0.9531279497454042	0.652846729484981	39700	597334.6150669953	2392739.4332934995	-0.24964465697996654	-1808904.0012334033
0.9562299739260498	0.652846729484981	39800	603720.9434570838	2391294.158204408	-0.2524661975967064	-1808258.149182459
0.9593319981066954	0.652846729484981	39900	609895.2812296415	2389603.2604832067	-0.2552286780468793	-1807502.1806255886
0.9624340222873411	0.652846729484981	40000	616032.2738235858	2387484.8456238806	-0.25802562682344843	-1806587.7573348202
0.9655360464679867	0.652846729484981	40100	622060.9764830191	2385717.7521297517	-0.2607437430214449	-1805666.9616917288
0.9686380706486324	0.652846729484981	40200	626910.1074116756	2383882.0754041895	-0.26297865732531356	-1804730.9279342506
0.971740094829278	0.652846729484981	40300	631929.0260218879	2382440.9862933294	-0.2652443563796564	-1803797.3232675462
0.9748421190099237	0.652846729484981	40400	639335.9519468255	2381606.9661634653	-0.2684472967329	-1802742.301167567
0.9779441431905693	0.652846729484981	40500	644864.1059387752	2379333.9984237067	-0.2710271472462435	-1801501.4729431386
0.981046167371215	0.652846729484981	40600	653283.2178120271	2379657.9763559476	-0.27452819871720485	-1800537.3226536994
0.9841481915518606	0.652846729484981	40700	660726.3263872913	2379884.5887440564	-0.2776295663715266	-1799682.9908590408
0.9872502157325063	0.652846729484981	40800	667560.3586401299	2379955.3014285117	-0.2804928135580709	-1798816.313668635
0.9903522399131519	0.652846729484981	40900	673660.8329769771	2379816.9938530372	-0.28307253655092535	-1797939.1204148587
0.9934542640937976	0.652846729484981	41000	678897.3988996029	2379731.4334474504	-0.28528320017864506	-1797210.78347354
0.9965562882744432	0.652846729484981	41100	683048.5224582746	2379735.524851895	-0.28702707310333775	-1796681.3170510281
0.9996583124550888	0.652846729484981	41200	686874.7472640544	2379782.4250548277	-0.2886292209037679	-1796126.870788576
