# exz		ezz		i		sxz		szz		tanPhi		tens_media
0.0	0.995012354811984	100	5.64814963497794e-07	0.011402775568649985	-4.9533112363507165e-05	-0.11663417141466137
0.0	0.9900495862284893	200	1.498367439023308e-09	0.016604478723687737	9.023875208354214e-08	-0.008295478985378033
0.0	0.9851115701738395	300	0.0	0.0	0	0.0
0.0	0.980198183191203	400	0.0	0.0	0	0.0
0.0	0.9753093024395073	500	0.0	0.0	0	0.0
0.0	0.9704448056903675	600	0.0	0.0	0	0.0
0.0	0.9656045713250309	700	0.0	0.0	0	0.0
0.0	0.9607884783313355	800	0.0	0.0	0	0.0
0.0	0.9559964063006856	900	0.0	0.0	0	0.0
0.0	0.9512282354250395	1000	8.77950902297778e-05	0.0022415384980630543	0.03916733542860977	-10.08272911919285
0.0	0.946483846493917	1100	0.03007119265228105	121.19193007873957	-0.000248128671873973	-75.22611147515617
0.0	0.941763120891417	1200	0.6391241635850281	125.37712645290289	0.005097613748749546	-85.05705408687449
0.0	0.9370659405932522	1300	3.6079365602440596	66.24012084831399	-0.0544675419374011	-72.55587469310477
0.0	0.9323921881637983	1400	4.9360909643065085	70.90587464211532	-0.06961469679657069	-65.3333620212829
0.0	0.9277417467531595	1500	4.65298202065378	68.92758662481882	-0.06750536684216907	-55.27462794600985
0.0	0.9231145000942449	1600	1.4588158692563644	130.12004254049015	-0.01121130796435466	-78.89303073838674
0.0	0.918510332499862	1700	11.290872937735664	191.29723577936235	0.059022666437053416	-122.78991455555176
0.0	0.9139291288598262	1800	6.8770901054836235	533.2297161112635	-0.012897049616133268	-333.96295859351244
0.0	0.9093707746380806	1900	33.9244158627019	2394.4880562420835	-0.01416771145475788	-1329.5823034947819
0.0	0.9048351558698351	2000	23.648306808960754	13421.839436131004	-0.0017619274110298583	-7064.941202530146
0.0	0.9003221591587132	2100	51.938942892768196	69382.24519623553	-0.0007485912677784928	-34850.45414292973
0.0	0.8958316716739212	2200	32.00298289386796	129425.13707422602	-0.0002472702259956972	-74689.90309504286
0.0	0.8913635811474243	2300	56.00710749181707	186029.94795471372	-0.0003010650065087971	-117170.34323052644
0.0	0.8869177758711417	2400	29.719737928394746	240825.41185630424	-0.00012340781522727313	-165071.7287697302
0.0	0.8824941446941523	2500	34.658607621050635	258620.93436853366	-0.0001340131559947977	-200044.23737763008
0.0	0.8780925770199166	2600	0.006801096992019827	236402.8929213326	-2.876909376182218e-08	-175270.4282908683
0.0	0.8737129628035107	2700	0.04161309492541664	313289.82615734224	-1.3282619303608497e-07	-227769.4900763049
0.0	0.8693551925488767	2800	0.00020824536716795036	390673.87499355455	-5.330414458130482e-10	-302493.2490959471
0.0	0.8650191573060834	2900	3.0614656284794394e-05	469909.0664190495	6.515017153870628e-11	-378313.48780455464
0.0	0.8607047486686039	3000	6.453658187748353e-05	551073.8174283943	1.1711059360186225e-10	-455257.73461542785
0.0	0.8564118587706044	3100	1.3994821164653524e-05	634202.4270119288	-2.2066804806457e-11	-533337.8208797256
0.0	0.8521403802842474	3200	5.960625547681012e-06	719331.5887656381	8.286339208193753e-12	-612566.6424010614
0.0	0.8478902064170084	3300	2.9308049913092026e-05	806499.8561484002	-3.6339807985903957e-11	-692957.9334361702
0.0	0.8436612309090074	3400	1.09427717957785e-05	895741.0701359547	-1.221644531060479e-11	-774522.4645004933
0.0	0.8394533480303481	3500	3.4623793020393898e-06	987095.7656554274	-3.507642746031217e-12	-857274.5876201877
0.0	0.8352664525784806	3600	1.2110611628988742e-05	1080601.1493485146	-1.12072910863459e-11	-941226.4425770431
0.0	0.8311004398755664	3700	2.843999855438674e-06	1176296.2335828778	-2.4177581924037465e-12	-1026390.9217732861
0.0	0.8269552057658626	3800	1.369790037975662e-05	1274218.7577654787	-1.0750038246005583e-11	-1112779.7810740413
0.0	0.8228306466131201	3900	2.910011860605592e-06	1374407.5138452125	2.117284598120526e-12	-1200405.0100709691
0.0	0.818726659297988	4000	9.806258982866517e-06	1476903.1835507595	-6.63974395348677e-12	-1289279.3923746976
0.0	0.8146431412154398	4100	3.626312268918307e-05	1581744.7839898453	2.2926026408452424e-11	-1379414.1873885274
0.0	0.8105799902722065	4200	3.212228127690247e-05	1688970.6549184409	1.9018851028204292e-11	-1470819.62355606
0.0	0.8065371048842235	4300	3.5048519001609024e-05	1798619.3736784256	-1.948634575748506e-11	-1563505.4112425668
0.0	0.8025143839740911	4400	2.9493640121773875e-07	1910730.365766848	1.5435793898600112e-13	-1657481.1177388914
0.0034081290124021177	0.8019127088005001	4500	14222.765442057784	1927742.1655909566	-0.0073779396933498845	-1671641.282868852
0.007417692556404597	0.8019127088005001	4600	30955.50234864319	1927660.7445355984	-0.016058584186244257	-1671456.3411583605
0.011427256100407155	0.8019127088005001	4700	47685.96704111754	1927518.8316331941	-0.024739559613388074	-1671134.165254717
0.015436819644409721	0.8019127088005001	4800	64414.015673466274	1927316.5865121738	-0.03342160604243801	-1670674.9223546532
0.01944638318841212	0.8019127088005001	4900	81138.4231023103	1927053.8775362475	-0.042104906379704536	-1670078.5833592548
0.023455946732414513	0.8019127088005001	5000	97858.28932394566	1926730.541262939	-0.05078981581918622	-1669345.119274564
0.027465510276416905	0.8019127088005001	5100	114572.77998756935	1926346.5110723495	-0.05947672411428695	-1668474.5881358415
0.0314750738204193	0.8019127088005001	5200	131280.92230859917	1925901.469318516	-0.06816595988945019	-1667466.888702525
0.035484637364421694	0.8019127088005001	5300	147981.8752066258	1925395.3464311583	-0.07685791672911203	-1666322.114991788
0.039494200908424086	0.8019127088005001	5400	164674.65123486173	1924827.7515830044	-0.08555292861890165	-1665040.1546714315
0.04350376445242648	0.8019127088005001	5500	181358.45990304177	1924198.540595155	-0.09425142784223689	-1663621.0846441593
0.04751332799642887	0.8019127088005001	5600	198032.34410352792	1923507.3048003651	-0.10295377803313364	-1662064.8174858568
0.05152289154043126	0.8019127088005001	5700	214695.49536500007	1922753.784937468	-0.11166042009480814	-1660371.3877833777
0.055532455084433656	0.8019127088005001	5800	231347.02947314922	1921937.5947123726	-0.12037176967120591	-1658540.758538559
0.05954201862843605	0.8019127088005001	5900	247986.09366421506	1921058.3287010528	-0.1290882686690174	-1656572.8992286064
0.06355158217243845	0.8019127088005001	6000	264611.91635260946	1920115.646908628	-0.1378104057318801	-1654467.8378432647
0.06756114571644084	0.8019127088005001	6100	281223.5866268927	1919108.99087193	-0.14653862181069832	-1652225.4761156177
0.07157070926044323	0.8019127088005001	6200	297820.4498714462	1918038.054218854	-0.15527348334740806	-1649845.8922356486
0.07558027280444563	0.8019127088005001	6300	314401.5457649935	1916902.1627345888	-0.16401543692583598	-1647328.9492042437
0.07958983634844802	0.8019127088005001	6400	330966.30457807035	1915700.9947966791	-0.17276511599514888	-1644674.7396211717
0.08359939989245041	0.8019127088005001	6500	347513.7900118092	1914433.8252549586	-0.1815230097940462	-1641883.1261637993
0.0876089634364528	0.8019127088005001	6600	364043.4459045435	1913100.2462426191	-0.19028979093988135	-1638954.173977974
0.0916185269804552	0.8019127088005001	6700	380554.4350661251	1911699.5580653944	-0.19906602659428313	-1635887.7885544
0.09562809052445759	0.8019127088005001	6800	397046.13651534234	1910231.2024915935	-0.2078523981795809	-1632683.9685253873
0.09963765406845998	0.8019127088005001	6900	413517.9021616264	1908694.5636164194	-0.21664959393928937	-1629342.6924212528
0.10364721761246237	0.8019127088005001	7000	429968.99093165086	1907088.9017817648	-0.22545828384294891	-1625863.8788522228
0.10765678115646476	0.8019127088005001	7100	446398.96259724186	1905413.692136143	-0.2342792877156182	-1622247.575000238
0.11166634470046716	0.8019127088005001	7200	462806.9911364609	1903668.0445572606	-0.24311328461895612	-1618493.6405052391
0.11567590824446955	0.8019127088005001	7300	479192.7613047614	1901851.458290942	-0.2519611924557861	-1614602.149507529
0.11968547178847194	0.8019127088005001	7400	495555.4774427924	1899962.9896116017	-0.26082375296378585	-1610572.9556303706
0.12369503533247433	0.8019127088005001	7500	511894.8460447289	1898002.0761653	-0.26970194209637266	-1606406.1133354204
0.12770459887647673	0.8019127088005001	7600	528210.1807681132	1895967.7860837993	-0.2785966009787294	-1602101.4994131841
0.13171416242047912	0.8019127088005001	7700	544501.1694397922	1893859.4634991838	-0.2875087512743666	-1597659.1338294586
0.1357237259644815	0.8019127088005001	7800	560767.2635367317	1891676.2119372508	-0.29643934833988017	-1593078.9256390817
0.1397332895084839	0.8019127088005001	7900	577008.1300388123	1889417.2791073609	-0.3053894639470085	-1588360.8588071957
0.1437428530524863	0.8019127088005001	8000	593223.3444267828	1887081.794475327	-0.3143601650779102	-1583504.8658681102
0.1477524165964887	0.8019127088005001	8100	609412.5758474284	1884668.9349819412	-0.3233525870437652	-1578510.90693348
0.15176198014049108	0.8019127088005001	8200	624669.2765145327	1881179.4013305574	-0.3320625752507732	-1573467.023752114
0.15577154368449347	0.8019127088005001	8300	639706.3427287725	1877283.623426509	-0.34076169138531637	-1568312.442539462
0.15978110722849587	0.8019127088005001	8400	653392.0567266234	1871810.6531659844	-0.3490695256069169	-1563095.5899273346
0.16379067077249826	0.8019127088005001	8500	666848.7342427585	1866007.3856606255	-0.35736661031846506	-1557749.6305068105
0.16780023431650065	0.8019127088005001	8600	680355.0820175866	1860195.9076773492	-0.3657437795716268	-1552263.550721438
0.17180979786050304	0.8019127088005001	8700	693893.7470156255	1854360.4165203497	-0.3741957285292445	-1546629.9666485088
0.17581936140450544	0.8019127088005001	8800	707483.4049091625	1848524.9280174614	-0.38272862550354503	-1540853.41236936
0.17982892494850783	0.8019127088005001	8900	721115.374251679	1842697.0489818272	-0.39133691273349985	-1534932.5866353202
0.18383848849251022	0.8019127088005001	9000	734788.0598280311	1836889.826198175	-0.40001749116811625	-1528866.260717511
0.1878480520365126	0.8019127088005001	9100	748510.9136604604	1831145.4495305123	-0.40876649850637	-1522656.7735252262
0.191857615580515	0.8019127088005001	9200	761004.3381737932	1827408.8935196162	-0.4164390032643913	-1517341.8874978817
0.1958671791245174	0.8019127088005001	9300	769726.6798529893	1828809.4354125618	-0.42088949507161	-1514859.0284848083
0.1998767426685198	0.8019127088005001	9400	778354.2789677226	1829961.8750897513	-0.42533906829591617	-1512296.5869385377
0.20388630621252218	0.8019127088005001	9500	782398.0265043939	1838320.6256255214	-0.4256047697001545	-1513512.8177134737
0.20789586975652458	0.8019127088005001	9600	786340.8623305814	1846507.2230210747	-0.4258531201649173	-1514661.183482487
0.21190543330052697	0.8019127088005001	9700	790169.3889169095	1854524.7551072447	-0.42607648495434347	-1515735.0318503932
0.21591499684452936	0.8019127088005001	9800	793909.1422407303	1862348.3758307311	-0.42629464634219905	-1516729.8927402208
0.21992456038853175	0.8019127088005001	9900	797576.0363685025	1869977.1162043698	-0.42651646881508437	-1517640.250726265
0.22393412393253415	0.8019127088005001	10000	801115.9743688497	1877426.460166278	-0.4267096428894995	-1518483.6656502786
0.22794368747653654	0.8019127088005001	10100	804587.2322393002	1884677.0271362958	-0.4269098740285723	-1519244.763978848
0.23195325102053893	0.8019127088005001	10200	807969.5110231111	1891733.3353817936	-0.42710539372085704	-1519928.549728698
0.23596281456454132	0.8019127088005001	10300	811257.6907311415	1898592.7791034228	-0.42729420424438974	-1520535.6052201074
0.23997237810854372	0.8019127088005001	10400	814494.6207425449	1905250.2615792705	-0.4275000702886174	-1521058.5234380923
0.2439819416525461	0.8019127088005001	10500	817629.0843008375	1911707.0595676482	-0.42769580214123	-1521507.2618931832
0.2479915051965485	0.8019127088005001	10600	820694.9752903302	1917959.8855090924	-0.42789996886326415	-1521876.0672111528
0.2520010687405523	0.8019127088005001	10700	823693.7866593827	1924010.0960782566	-0.42811302723324174	-1522166.9996067437
0.25601063228455745	0.8019127088005001	10800	826604.3824815896	1929847.172071216	-0.4283263433727932	-1522379.1000722286
0.2600201958285626	0.8019127088005001	10900	829471.4567114236	1935481.564430205	-0.42856076335483745	-1522510.446577781
0.2640297593725678	0.8019127088005001	11000	832272.7003806583	1940901.5270848959	-0.42880727783787986	-1522560.0243627809
0.26803932291657295	0.8019127088005001	11100	835001.670173811	1946106.5036786476	-0.42906267904425616	-1522531.7299467523
0.2720488864605781	0.8019127088005001	11200	837690.3634892686	1951107.3769170854	-0.42934098522701	-1522423.6131878505
0.2760584500045833	0.8019127088005001	11300	839639.8377949691	1955651.5770683396	-0.42934019926680844	-1522281.8491077519
0.28006801354858846	0.8019127088005001	11400	823576.2558812546	1948212.0367372895	-0.42273440485488145	-1521641.904959999
0.2840775770925936	0.8019127088005001	11500	806609.9705624138	1929782.663466625	-0.41797969576192323	-1517910.8774923012
0.2880871406365988	0.8019127088005001	11600	811340.2281636654	1935670.4240337533	-0.4191520509327768	-1518084.4598643233
0.29209670418060396	0.8019127088005001	11700	812633.0073037085	1939850.6637896015	-0.4189152404732984	-1518148.651351942
0.29610626772460913	0.8019127088005001	11800	797079.8431042343	1923401.6393944975	-0.4144115439951281	-1513144.4671008906
0.3001158312686143	0.8019127088005001	11900	787597.925583987	1909181.612806909	-0.41253169436617826	-1509979.6634130462
0.30412539481261947	0.8019127088005001	12000	792069.3355571057	1915431.8602493892	-0.4135199753093688	-1510610.6355710353
0.30813495835662463	0.8019127088005001	12100	797039.5769213428	1921465.4615671353	-0.41480817264926645	-1511396.923538832
0.3121445219006298	0.8019127088005001	12200	801298.1470282031	1927700.6305809831	-0.4156756159729546	-1512403.8010347458
0.31615408544463497	0.8019127088005001	12300	799320.8020340658	1928971.5794853487	-0.41437666087715264	-1511987.7423683472
0.32016364898864014	0.8019127088005001	12400	760779.0691156131	1900087.6120987262	-0.4003915736681746	-1510617.989024531
0.3241732125326453	0.8019127088005001	12500	769300.7794443794	1903476.8536351311	-0.40415557351024306	-1508078.872171431
0.3281827760766505	0.8019127088005001	12600	778170.4211011986	1908219.1640838871	-0.4077992904314997	-1508258.4114540357
0.33219233962065564	0.8019127088005001	12700	784568.835890036	1912816.6632557025	-0.4101641578940783	-1509417.81214129
0.3362019031646608	0.8019127088005001	12800	789808.0451811559	1918081.0416786578	-0.4117699033665101	-1511057.3792954825
0.340211466708666	0.8019127088005001	12900	794751.823900352	1924047.4743457064	-0.4130624813042184	-1512452.9093767237
0.34422103025267115	0.8019127088005001	13000	799617.1926755225	1929890.6839526396	-0.4143328942537895	-1513809.2387524669
0.3482305937966763	0.8019127088005001	13100	804362.6600774735	1935502.3444223278	-0.4155834077884026	-1515097.1941271273
0.3522401573406815	0.8019127088005001	13200	808722.2811253263	1941416.3807789637	-0.41656302539326406	-1516382.5659215646
0.35624972088468665	0.8019127088005001	13300	812960.6544659939	1947146.9957595395	-0.41751375537462987	-1517604.758959392
0.3602592844286918	0.8019127088005001	13400	817130.7981995236	1952706.410698413	-0.41846065221205747	-1518685.729907598
0.364268847972697	0.8019127088005001	13500	820905.660740345	1957858.2851029711	-0.41928757918102866	-1519761.1522882835
0.36827841151670215	0.8019127088005001	13600	815911.940601359	1961469.0093287518	-0.4159698352208878	-1519299.0355714385
0.3722879750607073	0.8019127088005001	13700	809166.1354854226	1962707.0482606967	-0.4122704589064812	-1517881.719945804
0.3762975386047125	0.8019127088005001	13800	790907.3670410829	1949332.2071027346	-0.40573246784682104	-1512324.4664242726
0.38030710214871766	0.8019127088005001	13900	796756.1433944341	1954684.9784130114	-0.4076135808038553	-1513137.58813852
0.3843166656927228	0.8019127088005001	14000	803670.826887995	1959044.8812205954	-0.4102360464489526	-1513262.1393855128
0.388326229236728	0.8019127088005001	14100	799734.812743827	1958081.2656977987	-0.4084277944709443	-1512687.6372875962
0.39233579278073316	0.8019127088005001	14200	795875.5998513387	1955990.8020236844	-0.40689127935975933	-1513626.132191351
0.39634535632473833	0.8019127088005001	14300	802930.4769911098	1962068.5290876715	-0.4092265204235546	-1514398.7859123528
0.4003549198687435	0.8019127088005001	14400	808789.7083310711	1967422.3131740335	-0.41109105193904927	-1515247.9396589391
0.40436448341274867	0.8019127088005001	14500	786267.8486736781	1957366.9751002602	-0.4016966969790649	-1509019.2431248296
0.40837404695675383	0.8019127088005001	14600	786593.6550295745	1956010.9628792098	-0.4021417415123912	-1507370.63280575
0.412383610500759	0.8019127088005001	14700	796263.1551650661	1960214.8072953876	-0.40621219276662474	-1508267.7223745517
0.41639317404476417	0.8019127088005001	14800	799406.4357364976	1962771.3922969277	-0.4072845359749178	-1508786.4754626367
0.42040273758876934	0.8019127088005001	14900	785735.8859248502	1957686.7977144439	-0.4013593424863362	-1508029.7520274976
0.4244123011327745	0.8019127088005001	15000	795465.3197127066	1964466.8802535872	-0.4049268163839048	-1509946.0846824038
0.4284218646767797	0.8019127088005001	15100	793815.6526215078	1970145.0853192606	-0.40292243375206577	-1510260.6484687508
0.43243142822078484	0.8019127088005001	15200	773573.3430030453	1966730.2979463649	-0.3933296516613391	-1504900.0090162295
0.43644099176479	0.8019127088005001	15300	763260.6979242533	1958203.863069322	-0.3897759126712709	-1498980.317819072
0.4404505553087952	0.8019127088005001	15400	773645.7651365541	1963660.0676938952	-0.39398151333041914	-1501320.9306846652
0.44446011885280035	0.8019127088005001	15500	783506.2472591463	1969077.4382836714	-0.3979052484304947	-1503547.1947527158
0.4484696823968055	0.8019127088005001	15600	793031.4805172185	1974234.9392725863	-0.4016905307173895	-1505756.9550082386
0.4524792459408107	0.8019127088005001	15700	800997.9096224697	1978010.7966655453	-0.40495123230508207	-1508073.8665464602
0.45648880948481585	0.8019127088005001	15800	808354.124632714	1981601.7431065373	-0.40792965965273387	-1510285.5264021733
0.460498373028821	0.8019127088005001	15900	815007.2845186385	1985088.1440063952	-0.41056478372479405	-1512518.7323792828
0.4645079365728262	0.8019127088005001	16000	820919.0362072897	1988382.4448044142	-0.4128577167598353	-1514556.302216063
0.46851750011683135	0.8019127088005001	16100	826061.7952908044	1991385.9364016335	-0.4148175299377025	-1516733.1017990678
0.4725270636608365	0.8019127088005001	16200	830481.2249267707	1993822.0694435893	-0.4165272506781565	-1519082.4598335687
0.4765366272048417	0.8019127088005001	16300	834997.2564900419	1996025.4249438224	-0.41832997017738016	-1521271.1956389595
0.48054619074884686	0.8019127088005001	16400	839571.33081756	1997995.6953683412	-0.42020677660308	-1523291.381707065
0.484555754292852	0.8019127088005001	16500	843734.8903790802	1999513.349945412	-0.4219701210807693	-1525447.9965041056
0.4885653178368572	0.8019127088005001	16600	847808.6846140097	2000757.6718716077	-0.42374381292309504	-1527580.6767581434
0.49257488138086236	0.8019127088005001	16700	851454.1784319361	2002103.1000253898	-0.42527988614629203	-1529628.1251506268
0.49658444492486753	0.8019127088005001	16800	855011.9537305802	2003294.3954174623	-0.42680294802721996	-1531503.8794928622
0.5005940084688727	0.8019127088005001	16900	858618.9299423518	2004267.4870654491	-0.42839537910156883	-1533242.3061978866
0.5046035720128779	0.8019127088005001	17000	862273.2336744423	2004993.5888011658	-0.4300628383505288	-1534821.5629773776
0.508613135556883	0.8019127088005001	17100	865984.9439042152	2005456.749945325	-0.4318143205670352	-1536236.0122587287
0.5126226991008882	0.8019127088005001	17200	869782.7239422332	2005685.7737219997	-0.43365851986283793	-1537493.5138276464
0.5166322626448934	0.8019127088005001	17300	873641.0926577441	2005676.4263955727	-0.4355842653182976	-1538592.1547607312
0.5206418261888985	0.8019127088005001	17400	877569.1852873177	2005430.098342664	-0.4375964966380838	-1539528.4016801044
0.5246513897329037	0.8019127088005001	17500	881572.9954335992	2004951.3854093214	-0.4396979407326734	-1540303.6379458557
0.5286609532769089	0.8019127088005001	17600	885655.2244512473	2004246.205531522	-0.44188943554286203	-1540916.8833231218
0.532670516820914	0.8019127088005001	17700	889822.2715668537	2003320.136136561	-0.4441737770793299	-1541367.527912995
0.5366800803649192	0.8019127088005001	17800	894048.5184692122	2002169.6460983073	-0.4465398425210738	-1541650.9231554903
0.5406896439089244	0.8019127088005001	17900	898379.894212655	2000810.5136249347	-0.4490079835621367	-1541774.004748474
0.5446992074529295	0.8019127088005001	18000	902771.4780884935	1999235.3171653724	-0.4515583885185128	-1541729.2213657182
0.5487087709969347	0.8019127088005001	18100	907266.1928139225	1997461.583696606	-0.4542095829121723	-1541520.2077381806
0.5527183345409399	0.8019127088005001	18200	911185.7723972251	1994640.9455673273	-0.45681693962121106	-1541149.3600922527
0.556727898084945	0.8019127088005001	18300	915076.5665916983	1991396.1752574954	-0.4595150768898988	-1540576.6821496065
0.5607374616289502	0.8019127088005001	18400	919139.2371952139	1987882.9593293653	-0.46237090211050247	-1539827.4166070726
0.5647470251729554	0.8019127088005001	18500	923001.74993034	1983784.8711207767	-0.4652731066594296	-1538917.0418037244
0.5687565887169606	0.8019127088005001	18600	926867.9946380034	1979293.6422979282	-0.46828220675832843	-1537826.821955093
0.5727661522609657	0.8019127088005001	18700	930852.9949361784	1974522.6539621553	-0.4714319144773001	-1536568.902184564
0.5767757158049709	0.8019127088005001	18800	934789.7220708672	1969483.029422961	-0.4746371043089167	-1535187.8402631984
0.5807852793489761	0.8019127088005001	18900	938256.6201515603	1964330.957404841	-0.4776469141387101	-1533887.6649468637
0.5847948428929812	0.8019127088005001	19000	941353.1362156719	1959036.4147629098	-0.48051844729471155	-1532655.2790781052
0.5888044064369864	0.8019127088005001	19100	944559.5550132517	1953272.0324050998	-0.48357808812231756	-1531236.0938780268
0.5928139699809916	0.8019127088005001	19200	940398.1202859211	1957435.277242858	-0.48042360900459363	-1533741.7272048204
0.5968235335249967	0.8019127088005001	19300	813791.1868444135	1958867.0381597145	-0.4154397266334836	-1567895.5568684675
0.6008330970690019	0.8019127088005001	19400	824978.091304101	1960494.1101833212	-0.42080110673066967	-1566699.474506393
0.6048426606130071	0.8019127088005001	19500	837432.412794583	1962701.588556168	-0.42667332501148464	-1565249.55879148
0.6088522241570122	0.8019127088005001	19600	845463.207412496	1966362.3512770445	-0.42996307718331467	-1564640.8963958242
0.6128617877010174	0.8019127088005001	19700	822658.4285261196	1969135.2299417222	-0.41777650209958744	-1566648.97170488
0.6168713512450226	0.8019127088005001	19800	799891.57721906	1962676.0682878694	-0.40755150080208674	-1566128.940037206
0.6208809147890277	0.8019127088005001	19900	812120.4997186732	1964757.7172444384	-0.413343840103434	-1565706.4519276647
0.6248904783330329	0.8019127088005001	20000	823432.2593844389	1966039.9872744181	-0.41882782889171466	-1565003.0039122023
0.6289000418770381	0.8019127088005001	20100	832669.269656912	1967207.8871992521	-0.42327467019380327	-1564620.3454261355
0.6329096054210432	0.8019127088005001	20200	841877.5969275655	1968105.528758762	-0.4277603942602194	-1564056.4600573012
0.6369191689650484	0.8019127088005001	20300	850971.0364701462	1968652.7773247366	-0.4322606029218404	-1563298.519806788
0.6409287325090536	0.8019127088005001	20400	859988.3046073492	1968852.6612767978	-0.4367966793663718	-1562332.809062328
0.6449382960530587	0.8019127088005001	20500	869087.2653581913	1968824.0505624795	-0.4414245473636403	-1561163.7121715462
0.6489478595970639	0.8019127088005001	20600	878300.8843308936	1968572.9541218197	-0.44616120651860913	-1559782.2559526481
0.6529574231410691	0.8019127088005001	20700	887661.9079364579	1968113.5995725319	-0.4510216829604019	-1558183.6950406004
0.6569669866850743	0.8019127088005001	20800	896743.2536039905	1966939.4125454102	-0.4559079186092051	-1556361.0777286077
0.6609765502290794	0.8019127088005001	20900	905269.8107330449	1964986.8372415116	-0.4607001907472729	-1554399.7538419582
0.6649861137730846	0.8019127088005001	21000	869143.0651316172	1979311.448999238	-0.4391138471770401	-1566509.0349982649
0.6689956773170898	0.8019127088005001	21100	796540.3104704206	1976161.3501018875	-0.40307453155550904	-1585110.843086553
0.6730052408610949	0.8019127088005001	21200	810792.87177815	1978189.558274442	-0.40986611641272525	-1584091.6915133174
0.6770148044051001	0.8019127088005001	21300	824842.5101641626	1979414.5731205528	-0.41671033514914263	-1582303.0053339053
0.6810243679491053	0.8019127088005001	21400	837908.8802965465	1980101.3325141612	-0.4231646464439486	-1580740.7912339193
0.6850339314931104	0.8019127088005001	21500	848680.4636855356	1980589.1756377006	-0.42849899117129203	-1579769.1910678225
0.6890434950371156	0.8019127088005001	21600	859157.6687930851	1980537.6400909233	-0.43380022242528177	-1578717.8583236535
0.6930530585811208	0.8019127088005001	21700	869582.0493596342	1980263.2842498154	-0.4391244620227651	-1577527.4383351707
0.6970626221251259	0.8019127088005001	21800	879605.7765648757	1979626.3025850067	-0.4443292026461165	-1576153.335043491
0.7010721856691311	0.8019127088005001	21900	888983.8687641727	1978007.6267364374	-0.4494339944638781	-1574391.804179991
0.7050817492131363	0.8019127088005001	22000	897223.0777935593	1975482.6766274925	-0.45417916765804395	-1572542.952253922
0.7090913127571414	0.8019127088005001	22100	905306.010027442	1972365.2286628522	-0.45899511757322264	-1570441.1039178146
0.7131008763011466	0.8019127088005001	22200	895679.4338408847	1978380.5163049167	-0.45273365081140876	-1573014.768858698
0.7171104398451518	0.8019127088005001	22300	836335.5684281355	1976355.679836713	-0.4231705744875	-1577439.2480602628
0.7211200033891569	0.8019127088005001	22400	846082.4596938196	1977967.4161294517	-0.42775348713754857	-1576592.304299295
0.7251295669331621	0.8019127088005001	22500	857194.9454383928	1978308.1278877377	-0.43329698410208206	-1575304.194337992
0.7291391304771673	0.8019127088005001	22600	866505.5715186512	1978843.5160507706	-0.4378848375277085	-1574404.0165051452
0.7331486940211724	0.8019127088005001	22700	875673.921194866	1978820.2968490685	-0.4425232157711472	-1573233.08113519
0.7371582575651776	0.8019127088005001	22800	884891.4436608815	1978587.7121296085	-0.4472338720371656	-1571862.496276033
0.7411678211091828	0.8019127088005001	22900	893954.2646597959	1977763.8996918455	-0.45200251900597566	-1570221.0898782287
0.745177384653188	0.8019127088005001	23000	893920.2996671943	1981912.828355289	-0.45103916119712656	-1571943.616297016
0.7491869481971931	0.8019127088005001	23100	787294.0892516605	1991311.1011217094	-0.39536468651642437	-1600517.4844373951
0.7531965117411983	0.8019127088005001	23200	801126.5450782437	1990762.043010147	-0.4024220513401462	-1596975.4987577393
0.7572060752852035	0.8019127088005001	23300	815418.207140312	1992728.6512970177	-0.40919680991668206	-1595916.787711845
0.7612156388292086	0.8019127088005001	23400	828561.8403389769	1993973.4793342785	-0.41553302936386405	-1594747.419021827
0.7652252023732138	0.8019127088005001	23500	839569.357080394	1994985.1058417433	-0.42083991234919765	-1594052.4456617117
0.769234765917219	0.8019127088005001	23600	849713.2131124486	1995218.9447900401	-0.4258746717152213	-1593526.5143783751
0.7732443294612241	0.8019127088005001	23700	860068.2843447146	1995232.0579471018	-0.4310617809687965	-1592737.607093637
0.7772538930052293	0.8019127088005001	23800	870650.2632494164	1995038.4050949735	-0.43640777091104127	-1591690.4610327866
0.7812634565492345	0.8019127088005001	23900	881371.5119347903	1994600.8213023946	-0.4418786468559107	-1590402.751668154
0.7852730200932396	0.8019127088005001	24000	891462.1083122083	1993707.679396083	-0.44713782141935793	-1589039.9856872503
0.7892825836372448	0.8019127088005001	24100	900651.570434557	1992159.3929533977	-0.4520981471765326	-1587626.1828243223
0.79329214718125	0.8019127088005001	24200	909420.5611732973	1989402.7994604663	-0.45713244267070285	-1585798.7867181245
0.7973017107252551	0.8019127088005001	24300	917517.6773073365	1985691.2244556344	-0.4620646281794737	-1583670.6399733245
0.8013112742692603	0.8019127088005001	24400	923769.9912321907	1983237.3660829794	-0.4657889201919867	-1582040.742841929
0.8053208378132655	0.8019127088005001	24500	896873.4648778917	1990358.0306385474	-0.45060911206520793	-1586463.0851815913
0.8093304013572706	0.8019127088005001	24600	848056.124271024	1988475.9341232441	-0.42648548555099697	-1590530.1982498448
0.8133399649012758	0.8019127088005001	24700	861841.9536978087	1989998.1411377243	-0.4330868134404765	-1588970.1552964235
0.817349528445281	0.8019127088005001	24800	872187.2107576394	1990233.1616072804	-0.4382336841645604	-1587831.0683124412
0.8213590919892861	0.8019127088005001	24900	881481.7514881045	1990224.587483666	-0.4429056685520116	-1586637.1402051693
0.8253686555332913	0.8019127088005001	25000	890884.2538189786	1989829.4744040654	-0.4477188951509474	-1585178.122586958
0.8293782190772965	0.8019127088005001	25100	899669.0503477381	1987966.1631200495	-0.4525575269026391	-1583322.8737772375
0.8333877826213016	0.8019127088005001	25200	882737.4949118576	1997851.1699833586	-0.4418434707121905	-1590212.9909210938
0.8373973461653068	0.8019127088005001	25300	796536.8416214376	1999828.880593107	-0.3983024994544541	-1609506.6733394272
0.841406909709312	0.8019127088005001	25400	811214.3820958316	2002044.0416719252	-0.4051930752823894	-1608650.5515245388
0.8454164732533171	0.8019127088005001	25500	825557.859769198	2003679.8849914966	-0.41202083524070593	-1607315.798940183
0.8494260367973223	0.8019127088005001	25600	837465.5538186644	2005201.7539643487	-0.417646529663645	-1606584.1200773406
0.8534356003413275	0.8019127088005001	25700	847827.741210278	2005834.6230950162	-0.4226807790873976	-1606223.1621490729
0.8574451638853327	0.8019127088005001	25800	858081.0496484283	2006165.3085338308	-0.4277220057581103	-1605726.7594212722
0.8614547274293378	0.8019127088005001	25900	868456.7222394412	2006218.140174597	-0.4328824990904834	-1605004.7175409596
0.865464290973343	0.8019127088005001	26000	879050.5724106593	2006070.8493144743	-0.43819517775808037	-1604025.5335749404
0.8694738545173482	0.8019127088005001	26100	889810.5658410519	2005618.0316595577	-0.4436590376607125	-1602790.2771247595
0.8734834180613533	0.8019127088005001	26200	899532.999593116	2004493.0365797218	-0.4487583559422059	-1601535.2475022569
0.8774929816053585	0.8019127088005001	26300	909040.5019913949	2002815.4898417057	-0.4538813018982801	-1600072.248975972
0.8815025451493637	0.8019127088005001	26400	918431.3736122263	2000451.51490406	-0.4591120388420279	-1598292.1577474803
0.8855121086933688	0.8019127088005001	26500	910533.2774853457	2004842.8512847607	-0.45416690734730153	-1599933.9481350875
0.889521672237374	0.8019127088005001	26600	851775.2091615933	1997421.7548313248	-0.426437334579608	-1602393.4245405227
0.8935312357813792	0.8019127088005001	26700	866262.8503951848	1999041.8402639576	-0.43333902920251116	-1600825.7478053032
0.8975407993253843	0.8019127088005001	26800	878056.8522457618	1998917.8477798803	-0.4392661025169119	-1599536.5093954196
0.9015503628693895	0.8019127088005001	26900	889459.551544975	1998894.707795834	-0.4449756898530065	-1598233.9392658423
0.9055599264133947	0.8019127088005001	27000	899748.8201746512	1999162.1251132982	-0.450062958312428	-1597017.1539715223
0.9095694899573998	0.8019127088005001	27100	909559.2259667835	1999456.8481124446	-0.4549031537366952	-1595728.5613781826
0.913579053501405	0.8019127088005001	27200	919320.1629543364	1999249.9376090337	-0.45983253302174937	-1594147.2307077006
0.9175886170454102	0.8019127088005001	27300	928910.3039776642	1998465.1670040125	-0.46481185627580124	-1592334.567889842
0.9215981805894153	0.8019127088005001	27400	937120.3211112007	1994655.6332448593	-0.4698155939763473	-1590056.1283372063
0.9256077441334205	0.8019127088005001	27500	917837.1430887657	2003403.9057294668	-0.4581388408317835	-1596395.1119824701
0.9296173076774257	0.8019127088005001	27600	849202.8786259042	2001549.3932980995	-0.42427275663010766	-1607543.740118957
0.9336268712214308	0.8019127088005001	27700	862760.4604226084	2004030.8250789116	-0.4305125697797767	-1606694.2395082826
0.937636434765436	0.8019127088005001	27800	875144.3785142673	2005689.6554954923	-0.4363309029970884	-1605867.870634096
0.9416459983094412	0.8019127088005001	27900	885524.2330017934	2007156.3365683833	-0.4411834877375651	-1605468.3429910701
0.9456555618534463	0.8019127088005001	28000	894754.9702386712	2008055.730423539	-0.44558273791034153	-1605519.2302263945
0.9496651253974515	0.8019127088005001	28100	903995.6873862424	2008692.404763206	-0.4500418706431111	-1605325.4200068808
0.9536746889414567	0.8019127088005001	28200	913301.9976153453	2009011.6723605157	-0.4546026338125993	-1604853.3319091492
0.9576842524854619	0.8019127088005001	28300	922318.5035659114	2008838.2958968738	-0.4591302871165792	-1604080.167812662
0.961693816029467	0.8019127088005001	28400	930828.1454570009	2008063.4689339795	-0.4635451816426647	-1602993.562940939
0.9657033795734722	0.8019127088005001	28500	937937.6952698276	2005417.6399706535	-0.4677019273070486	-1601624.539659898
0.9697129431174774	0.8019127088005001	28600	943722.0397166619	2001269.425366909	-0.47156171365764094	-1600183.4886479436
0.9737225066614825	0.8019127088005001	28700	948834.742320284	1996258.747353851	-0.47530649199559716	-1598595.0277742369
0.9777320702054877	0.8019127088005001	28800	951680.666875324	1994316.6396014974	-0.47719637292174827	-1598162.9193651772
0.9817416337494929	0.8019127088005001	28900	857777.869700558	2003059.3519195293	-0.42823387578533334	-1617189.42798244
0.985751197293498	0.8019127088005001	29000	843280.8082681161	1997446.1940713194	-0.4221794863716897	-1621868.099454561
0.9897607608375032	0.8019127088005001	29100	858298.8046277916	1998728.299342337	-0.429422450720394	-1619983.252999978
0.9937703243815084	0.8019127088005001	29200	872367.5081397742	2000294.7057678315	-0.43611949060521454	-1618272.2676718144
0.9977798879255135	0.8019127088005001	29300	883961.4269965893	2001573.3317739307	-0.44163329565005865	-1616904.8216595035
1.0017894514695187	0.8019127088005001	29400	894280.2742846217	2001633.6830210963	-0.44677519261909643	-1615514.7354235596
1.0057990150135239	0.8019127088005001	29500	891386.603815933	2005986.1664852723	-0.44436328560418187	-1617729.4408972876
