# cellvel_xx		cellvel_xy		cellvel_xz		cellvel_yx		cellvel_yy		cellvel_yz		cellvel_zx		cellvel_zy		cellvel_zz		exz		i		sxz		szz		tanPhi
-0.1	0.0	0.0	0.0	-0.1	0.0	0.0	0.0	-0.1	0.0	100	0.6059374481514128	0.18427479847128328	-3.28822743629721
-0.1	0.0	0.0	0.0	-0.1	0.0	0.0	0.0	-0.1	0.0	200	0.34268620688258755	1.314752030824293	0.26064702609186163
-0.1	0.0	0.0	0.0	-0.1	0.0	0.0	0.0	-0.1	0.0	300	0.3477160743221648	0.2915288263181785	-1.1927330779381067
-0.1	0.0	0.0	0.0	-0.1	0.0	0.0	0.0	-0.1	0.0	400	1.2498876992759764	2.8181876004895727	-0.44350762846974673
-0.1	0.0	0.0	0.0	-0.1	0.0	0.0	0.0	-0.1	0.0	500	0.4237627133834334	1.6118226372639588	0.2629090221134773
-0.1	0.0	0.0	0.0	-0.1	0.0	0.0	0.0	-0.1	0.0	600	0.7083388165957826	0.6644705543882156	-1.066019873894874
-0.1	0.0	0.0	0.0	-0.1	0.0	0.0	0.0	-0.1	0.0	700	0.0	0.0	0
-0.1	0.0	0.0	0.0	-0.1	0.0	0.0	0.0	-0.1	0.0	800	0.0	0.0	0
-0.1	0.0	0.0	0.0	-0.1	0.0	0.0	0.0	-0.1	0.0	900	0.0	0.0	0
-0.1	0.0	0.0	0.0	-0.1	0.0	0.0	0.0	-0.1	0.0	1000	0.3010579178442574	0.8817418031440865	0.34143545964448413
-0.1	0.0	0.0	0.0	-0.1	0.0	0.0	0.0	-0.1	0.0	1100	0.343575793746415	1.5227387120119364	0.22563016953345952
-0.1	0.0	0.0	0.0	-0.1	0.0	0.0	0.0	-0.1	0.0	1200	0.29127538412218223	1.6897212573205487	-0.17238073017088512
-0.1	0.0	0.0	0.0	-0.1	0.0	0.0	0.0	-0.1	0.0	1300	0.626540917206764	0.8454389330446053	-0.7410835871379343
-0.1	0.0	0.0	0.0	-0.1	0.0	0.0	0.0	-0.1	0.0	1400	0.48784738397408567	0.3005800277640971	-1.6230199577896134
-0.1	0.0	0.0	0.0	-0.1	0.0	0.0	0.0	-0.1	0.0	1500	0.5464384846014895	0.37416921559680233	-1.4604047094839605
-0.1	0.0	0.0	0.0	-0.1	0.0	0.0	0.0	-0.1	0.0	1600	0.9173374220397797	2.4272806887453857	-0.37792803539088576
-0.1	0.0	0.0	0.0	-0.1	0.0	0.0	0.0	-0.1	0.0	1700	0.23520540125828124	0.31538662438828474	0.745768472948018
-0.1	0.0	0.0	0.0	-0.1	0.0	0.0	0.0	-0.1	0.0	1800	0.023559640161107304	0.37635966320196196	-0.06259873855946338
-0.1	0.0	0.0	0.0	-0.1	0.0	0.0	0.0	-0.1	0.0	1900	0.4050669287647725	0.6135143111474539	-0.6602403911445474
-0.1	0.0	0.0	0.0	-0.1	0.0	0.0	0.0	-0.1	0.0	2000	0.2813679224108567	0.820647379030558	0.34286092857962996
-0.1	0.0	0.0	0.0	-0.1	0.0	0.0	0.0	-0.1	0.0	2100	0.4455780163463236	1.6228686211858279	-0.2745619765700691
-0.1	0.0	0.0	0.0	-0.1	0.0	0.0	0.0	-0.1	0.0	2200	0.6135267751242723	0.43704391954152677	-1.4038103442049528
-0.1	0.0	0.0	0.0	-0.1	0.0	0.0	0.0	-0.1	0.0	2300	0.357285064202078	3.7908531086812034	0.09424925048767548
-0.1	0.0	0.0	0.0	-0.1	0.0	0.0	0.0	-0.1	0.0	2400	0.3660478623168676	0.4562324390928345	-0.8023275658449703
-0.1	0.0	0.0	0.0	-0.1	0.0	0.0	0.0	-0.1	0.0	2500	0.10173201749093988	0.8906870988415961	-0.11421745933364234
-0.1	0.0	0.0	0.0	-0.1	0.0	0.0	0.0	-0.1	0.0	2600	0.3926997812875876	0.27109620046145705	1.4485624683014304
-0.1	0.0	0.0	0.0	-0.1	0.0	0.0	0.0	-0.1	0.0	2700	0.05507739624886566	0.15991707708608296	0.34441222446316744
-0.1	0.0	0.0	0.0	-0.1	0.0	0.0	0.0	-0.1	0.0	2800	0.7315959853946892	7.7954830086800655	-0.0938487050231623
-0.1	0.0	0.0	0.0	-0.1	0.0	0.0	0.0	-0.1	0.0	2900	0.06224173858876139	2.0001675816967763	-0.03111826186881834
-0.1	0.0	0.0	0.0	-0.1	0.0	0.0	0.0	-0.1	0.0	3000	0.2178423701138806	0.03771677756795146	-5.775741835882203
-0.1	0.0	0.0	0.0	-0.1	0.0	0.0	0.0	-0.1	0.0	3100	1.0493008784180407	3.1295297015504664	0.3352902763307165
-0.1	0.0	0.0	0.0	-0.1	0.0	0.0	0.0	-0.1	0.0	3200	0.25258193571208387	1.2653481833964892	0.19961457172530578
-0.1	0.0	0.0	0.0	-0.1	0.0	0.0	0.0	-0.1	0.0	3300	0.5428023210467627	1.7524391569632878	0.3097410365945926
-0.1	0.0	0.0	0.0	-0.1	0.0	0.0	0.0	-0.1	0.0	3400	0.39565079353060356	2.143653678538549	0.18456842982227487
-0.1	0.0	0.0	0.0	-0.1	0.0	0.0	0.0	-0.1	0.0	3500	0.40681324107803485	1.3620214232973018	-0.2986834378075973
-0.1	0.0	0.0	0.0	-0.1	0.0	0.0	0.0	-0.1	0.0	3600	3.233355552884634	4.22482435859726	0.7653230710774881
-0.1	0.0	0.0	0.0	-0.1	0.0	0.0	0.0	-0.1	0.0	3700	0.6744372821231385	2.104357824129594	-0.3204955328365316
-0.1	0.0	0.0	0.0	-0.1	0.0	0.0	0.0	-0.1	0.0	3800	1.3572240660860924	1.1240758370318664	1.2074132557371362
-0.1	0.0	0.0	0.0	-0.1	0.0	0.0	0.0	-0.1	0.0	3900	3.4581598810038443	5.371063287099733	-0.6438501458937718
-0.1	0.0	0.0	0.0	-0.1	0.0	0.0	0.0	-0.1	0.0	4000	0.9450997225896105	8.886405293677504	-0.10635343441537938
-0.1	0.0	0.0	0.0	-0.1	0.0	0.0	0.0	-0.1	0.0	4100	0.9826817446386292	12.77684602414277	0.07691113618977495
-0.1	0.0	0.0	0.0	-0.1	0.0	0.0	0.0	-0.1	0.0	4200	0.3631853340893678	4.772316460071297	-0.07610252528893316
-0.1	0.0	0.0	0.0	-0.1	0.0	0.0	0.0	-0.1	0.0	4300	2.5219991935839396	14.682538550459109	-0.1717686069692001
-0.1	0.0	0.0	0.0	-0.1	0.0	0.0	0.0	-0.1	0.0	4400	0.5429024580457796	8.259575028039212	-0.06573007160813484
-0.1	0.0	0.0	0.0	-0.1	0.0	0.0	0.0	-0.1	0.0	4500	1.5796642018249931	6.93450832691368	-0.2277975780480531
-0.1	0.0	0.0	0.0	-0.1	0.0	0.0	0.0	-0.1	0.0	4600	5.200308460709905	9.338483737138896	-0.5568686102678981
-0.1	0.0	0.0	0.0	-0.1	0.0	0.0	0.0	-0.1	0.0	4700	1.7034579604520748	8.80611526550279	0.19344034334018168
-0.1	0.0	0.0	0.0	-0.1	0.0	0.0	0.0	-0.1	0.0	4800	0.5454856898659545	14.145667274574777	-0.0385620331142952
-0.1	0.0	0.0	0.0	-0.1	0.0	0.0	0.0	-0.1	0.0	4900	2.1422396489643094	15.633334417518432	-0.13703024522802726
-0.1	0.0	0.0	0.0	-0.1	0.0	0.0	0.0	-0.1	0.0	5000	1.7418918112123158	10.541151504560501	0.16524682435867727
-0.1	0.0	0.0	0.0	-0.1	0.0	0.0	0.0	-0.1	0.0	5100	0.5195286882854951	15.893788058055515	-0.032687530901242906
-0.1	0.0	0.0	0.0	-0.1	0.0	0.0	0.0	-0.1	0.0	5200	4.7238961975914995	23.27156726204357	0.20299003261788376
-0.1	0.0	0.0	0.0	-0.1	0.0	0.0	0.0	-0.1	0.0	5300	3.9959499416823783	23.303082560608132	-0.17147731126512808
-0.1	0.0	0.0	0.0	-0.1	0.0	0.0	0.0	-0.1	0.0	5400	5.9967535488586865	26.726643476035935	0.22437361258010532
-0.1	0.0	0.0	0.0	-0.1	0.0	0.0	0.0	-0.1	0.0	5500	0.09001692450511252	27.856367662311644	0.0032314667007680683
-0.1	0.0	0.0	0.0	-0.1	0.0	0.0	0.0	-0.1	0.0	5600	1.6939413865913862	39.43228008861525	-0.04295824088246054
-0.1	0.0	0.0	0.0	-0.1	0.0	0.0	0.0	-0.1	0.0	5700	1.0574751340065665	33.47029663743806	0.03159443567117155
-0.1	0.0	0.0	0.0	-0.1	0.0	0.0	0.0	-0.1	0.0	5800	6.414060904471425	48.29628329068003	-0.132806511545976
-0.1	0.0	0.0	0.0	-0.1	0.0	0.0	0.0	-0.1	0.0	5900	11.773489663415846	65.94497831950889	0.17853504487289862
-0.1	0.0	0.0	0.0	-0.1	0.0	0.0	0.0	-0.1	0.0	6000	0.1084125096837954	89.28774488739153	0.0012141924943957737
-0.1	0.0	0.0	0.0	-0.1	0.0	0.0	0.0	-0.1	0.0	6100	10.947336502705955	108.85499279144912	-0.1005680697042488
-0.1	0.0	0.0	0.0	-0.1	0.0	0.0	0.0	-0.1	0.0	6200	9.908704182832333	168.71183905015528	0.05873152849627012
-0.1	0.0	0.0	0.0	-0.1	0.0	0.0	0.0	-0.1	0.0	6300	16.428255634797104	189.89995722203318	0.08651005442612608
-0.1	0.0	0.0	0.0	-0.1	0.0	0.0	0.0	-0.1	0.0	6400	13.771986633645307	120.90129496466544	-0.11391099357265198
-0.1	0.0	0.0	0.0	-0.1	0.0	0.0	0.0	-0.1	0.0	6500	12.416302972952433	231.96300203069515	0.05352708347562001
-0.1	0.0	0.0	0.0	-0.1	0.0	0.0	0.0	-0.1	0.0	6600	16.607327612960304	152.10569811978	0.10918281049459691
-0.1	0.0	0.0	0.0	-0.1	0.0	0.0	0.0	-0.1	0.0	6700	23.52059610138508	515.3391795071062	0.045641001182718625
-0.1	0.0	0.0	0.0	-0.1	0.0	0.0	0.0	-0.1	0.0	6800	7.605435672190455	362.9074238874915	0.020956958087879434
-0.1	0.0	0.0	0.0	-0.1	0.0	0.0	0.0	-0.1	0.0	6900	52.405067725488976	488.75073728024523	0.10722248321733045
-0.1	0.0	0.0	0.0	-0.1	0.0	0.0	0.0	-0.1	0.0	7000	37.60062460655057	558.7700675219089	0.06729176595536997
-0.1	0.0	0.0	0.0	-0.1	0.0	0.0	0.0	-0.1	0.0	7100	37.489736310087046	447.1833619368574	0.08383526647259434
-0.1	0.0	0.0	0.0	-0.1	0.0	0.0	0.0	-0.1	0.0	7200	26.472169939725006	681.6617625491273	0.0388347585182573
-0.1	0.0	0.0	0.0	-0.1	0.0	0.0	0.0	-0.1	0.0	7300	15.195323235344969	950.6215877183948	0.015984618308338184
-0.1	0.0	0.0	0.0	-0.1	0.0	0.0	0.0	-0.1	0.0	7400	15.023547591652816	1536.5252854036137	0.009777611689420677
-0.1	0.0	0.0	0.0	-0.1	0.0	0.0	0.0	-0.1	0.0	7500	163.91649066208274	2007.5204453512663	0.08165121856749082
-0.1	0.0	0.0	0.0	-0.1	0.0	0.0	0.0	-0.1	0.0	7600	158.0733760102835	2665.7994911973706	0.05929679877734663
-0.1	0.0	0.0	0.0	-0.1	0.0	0.0	0.0	-0.1	0.0	7700	167.1720850378537	2986.070827112289	0.055983965122327395
-0.1	0.0	0.0	0.0	-0.1	0.0	0.0	0.0	-0.1	0.0	7800	137.87374868575705	3990.438567629712	0.03455102649723359
-0.1	0.0	0.0	0.0	-0.1	0.0	0.0	0.0	-0.1	0.0	7900	279.7672649074093	4704.101853386834	0.05947304578577183
-0.1	0.0	0.0	0.0	-0.1	0.0	0.0	0.0	-0.1	0.0	8000	108.98282571119942	5964.598802380927	0.018271610433831034
-0.1	0.0	0.0	0.0	-0.1	0.0	0.0	0.0	-0.1	0.0	8100	245.00019621745784	7441.419732429606	0.032923851230935185
-0.1	0.0	0.0	0.0	-0.1	0.0	0.0	0.0	-0.1	0.0	8200	313.23369541180665	9188.872109615993	0.03408837250918022
-0.1	0.0	0.0	0.0	-0.1	0.0	0.0	0.0	-0.1	0.0	8300	1023.7768220978924	12332.637113709447	0.0830136176600722
-0.1	0.0	0.0	0.0	-0.1	0.0	0.0	0.0	-0.1	0.0	8400	715.8524842165702	14353.75706556687	0.0498721331945783
-0.1	0.0	0.0	0.0	-0.1	0.0	0.0	0.0	-0.1	0.0	8500	348.17103472283804	20767.95768736087	0.01676481818598517
-0.1	0.0	0.0	0.0	-0.1	0.0	0.0	0.0	-0.1	0.0	8600	256.95145763644877	29314.83876373978	0.008765235234869452
-0.1	0.0	0.0	0.0	-0.1	0.0	0.0	0.0	-0.1	0.0	8700	604.1619043834958	37185.849516863454	-0.01624709162848394
-0.1	0.0	0.0	0.0	-0.1	0.0	0.0	0.0	-0.1	0.0	8800	498.1758547654237	49118.982814719	-0.010142226614190803
-0.1	0.0	0.0	0.0	-0.1	0.0	0.0	0.0	-0.1	0.0	8900	303.7541059381409	58618.49883259127	-0.005181881351237484
-0.1	0.0	0.0	0.0	-0.1	0.0	0.0	0.0	-0.1	0.0	9000	560.5867189101614	75559.64552126684	0.007419128491707653
-0.1	0.0	0.0	0.0	-0.1	0.0	0.0	0.0	-0.1	0.0	9100	3446.305255729553	89822.35972474457	-0.03836801066338667
-0.1	0.0	0.0	0.0	-0.1	0.0	0.0	0.0	-0.1	0.0	9200	2384.5780803418616	107084.0494953262	-0.022268284507170596
-0.1	0.0	0.0	0.0	-0.1	0.0	0.0	0.0	-0.1	0.0	9300	1328.8424616598743	123869.21137032492	-0.010727786565840865
-0.1	0.0	0.0	0.0	-0.1	0.0	0.0	0.0	-0.1	0.0	9400	1098.468049041785	142624.41151236134	-0.007701823533530093
-0.1	0.0	0.0	0.0	-0.1	0.0	0.0	0.0	-0.1	0.0	9500	3297.355694614005	161752.89679939192	-0.020385141532911336
-0.1	0.0	0.0	0.0	-0.1	0.0	0.0	0.0	-0.1	0.0	9600	3081.9256856409074	185611.15911449728	-0.01660420472747423
-0.1	0.0	0.0	0.0	-0.1	0.0	0.0	0.0	-0.1	0.0	9700	3019.412024857026	213422.17440359978	-0.014147602203447974
-0.1	0.0	0.0	0.0	-0.1	0.0	0.0	0.0	-0.1	0.0	9800	4789.575054784895	238529.3624652188	-0.020079603639922058
-0.1	0.0	0.0	0.0	-0.1	0.0	0.0	0.0	-0.1	0.0	9900	3465.0217922875204	267073.93674824026	-0.01297401698749008
-0.1	0.0	0.0	0.0	-0.1	0.0	0.0	0.0	-0.1	0.0	10000	2799.1106904943213	295746.6163338252	-0.009464556941320382
-0.1	0.0	0.0	0.0	-0.1	0.0	0.0	0.0	-0.1	0.0	10100	1810.3428178793408	325094.4158811734	-0.00556866783753384
-0.1	0.0	0.0	0.0	-0.1	0.0	0.0	0.0	-0.1	0.0	10200	2461.064474561752	350501.2416080106	-0.007021557080000669
-0.1	0.0	0.0	0.0	-0.1	0.0	0.0	0.0	-0.1	0.0	10300	8023.779805685519	385130.77836955467	-0.020833909560939456
-0.1	0.0	0.0	0.0	-0.1	0.0	0.0	0.0	-0.1	0.0	10400	6111.0902519194005	415008.64181133156	-0.014725212046783313
-0.1	0.0	0.0	0.0	-0.1	0.0	0.0	0.0	-0.1	0.0	10500	4763.763744464443	443721.85363331804	-0.010735923203821086
-0.1	0.0	0.0	0.0	-0.1	0.0	0.0	0.0	-0.1	0.0	10600	4542.829382069208	485485.7122666909	-0.009357287490210843
-0.1	0.0	0.0	0.0	-0.1	0.0	0.0	0.0	-0.1	0.0	10700	1841.702453481899	526356.1067703207	-0.0034989666307520192
-0.1	0.0	0.0	0.0	-0.1	0.0	0.0	0.0	-0.1	0.0	10800	1482.2670320019847	566222.8996312609	-0.002617815409739302
-0.1	0.0	0.0	0.0	-0.1	0.0	0.0	0.0	-0.1	0.0	10900	667.4705956638622	609876.1793911721	-0.0010944362449607156
-0.1	0.0	0.0	0.0	-0.1	0.0	0.0	0.0	-0.1	0.0	11000	597.1567042008476	653724.3860744857	-0.000913468606833962
-0.1	0.0	0.0	0.0	-0.1	0.0	0.0	0.0	-0.1	0.0	11100	532.4851518521045	694237.5485096521	0.0007670071332142895
-0.1	0.0	0.0	0.0	-0.1	0.0	0.0	0.0	-0.1	0.0	11200	119.59191788535335	722281.9678029455	0.0001655751122364731
-0.1	0.0	0.0	0.0	-0.1	0.0	0.0	0.0	-0.1	0.0	11300	1387.4777855248917	771692.9365041697	0.0017979661597140907
0.0	0.0	0.1	0.0	0.0	0.0	0.0	0.0	0.0	0.0005890330288458571	11400	1672.8163345743922	809886.9254666221	0.0020654936905057297
0.0	0.0	0.1	0.0	0.0	0.0	0.0	0.0	0.0	0.0029451651442292943	11500	9289.365808725728	809925.1998557867	-0.011469412002959988
0.0	0.0	0.1	0.0	0.0	0.0	0.0	0.0	0.0	0.005301297259612744	11600	20362.481612965494	810109.6699783133	-0.025135462971958598
0.0	0.0	0.1	0.0	0.0	0.0	0.0	0.0	0.0	0.007657429374996193	11700	31367.57450684955	810279.3331416148	-0.038712050553271794
0.0	0.0	0.1	0.0	0.0	0.0	0.0	0.0	0.0	0.010013561490379642	11800	42313.69211861493	810471.2174233304	-0.05220875363487877
0.0	0.0	0.1	0.0	0.0	0.0	0.0	0.0	0.0	0.012369693605763092	11900	53244.08782581803	810693.0711864778	-0.06567724545603114
0.0	0.0	0.1	0.0	0.0	0.0	0.0	0.0	0.0	0.014725825721146541	12000	64117.10228105943	810973.4264948382	-0.07906190287662593
0.0	0.0	0.1	0.0	0.0	0.0	0.0	0.0	0.0	0.01708195783652999	12100	74929.46823349781	811311.4023452264	-0.09235599058130098
0.0	0.0	0.1	0.0	0.0	0.0	0.0	0.0	0.0	0.01943808995191344	12200	85653.45706768754	811704.5188723699	-0.10552295210414549
0.0	0.0	0.1	0.0	0.0	0.0	0.0	0.0	0.0	0.02179422206729689	12300	96290.38529932144	812127.8200650205	-0.11856555448576094
0.0	0.0	0.1	0.0	0.0	0.0	0.0	0.0	0.0	0.02415035418268034	12400	106764.20212584367	812599.761550465	-0.13138596290273866
0.0	0.0	0.1	0.0	0.0	0.0	0.0	0.0	0.0	0.026506486298063788	12500	117170.01984754871	813132.9088970145	-0.14409700869994996
0.0	0.0	0.1	0.0	0.0	0.0	0.0	0.0	0.0	0.028862618413447238	12600	127487.7104890284	813732.7210469816	-0.156670252026977
0.0	0.0	0.1	0.0	0.0	0.0	0.0	0.0	0.0	0.031218750528830688	12700	137732.81566210662	814359.9239510804	-0.1691301494723117
0.0	0.0	0.1	0.0	0.0	0.0	0.0	0.0	0.0	0.033574882644213794	12800	147857.06106395234	815079.6929146139	-0.1814019688494945
0.0	0.0	0.1	0.0	0.0	0.0	0.0	0.0	0.0	0.035931014759596897	12900	157897.63597294668	815864.1261689807	-0.19353423064987554
0.0	0.0	0.1	0.0	0.0	0.0	0.0	0.0	0.0	0.03828714687498	13000	167868.6771945497	816638.1562831611	-0.20556065854011224
0.0	0.0	0.1	0.0	0.0	0.0	0.0	0.0	0.0	0.0406432789903631	13100	177666.37218421954	817543.9324256481	-0.21731721701742002
0.0	0.0	0.1	0.0	0.0	0.0	0.0	0.0	0.0	0.042999411105746205	13200	187294.44952080032	818610.9788382462	-0.22879542830784444
0.0	0.0	0.1	0.0	0.0	0.0	0.0	0.0	0.0	0.04535554322112931	13300	196834.0316401834	819728.6407830446	-0.24012096424026125
0.0	0.0	0.1	0.0	0.0	0.0	0.0	0.0	0.0	0.04771167533651241	13400	206249.70860011462	820912.1373895326	-0.2512445598087761
0.0	0.0	0.1	0.0	0.0	0.0	0.0	0.0	0.0	0.05006780745189551	13500	215560.68794841325	822109.6511646099	-0.2622043028482241
0.0	0.0	0.1	0.0	0.0	0.0	0.0	0.0	0.0	0.052423939567278616	13600	224823.90237165752	823268.7236987783	-0.27308689848142126
0.0	0.0	0.1	0.0	0.0	0.0	0.0	0.0	0.0	0.05478007168266172	13700	233995.82153625909	824525.4562163831	-0.2837945387520585
0.0	0.0	0.1	0.0	0.0	0.0	0.0	0.0	0.0	0.05713620379804482	13800	243002.845693631	825878.660627542	-0.2942355303247403
0.0	0.0	0.1	0.0	0.0	0.0	0.0	0.0	0.0	0.059492335913427924	13900	251853.0027485861	827389.9380424358	-0.30439456798865355
0.0	0.0	0.1	0.0	0.0	0.0	0.0	0.0	0.0	0.06184846802881103	14000	260555.37200455583	828906.3187627377	-0.3143363322329022
0.0	0.0	0.1	0.0	0.0	0.0	0.0	0.0	0.0	0.06420460014419413	14100	269017.36401954247	830379.4048325014	-0.3239692151009054
0.0	0.0	0.1	0.0	0.0	0.0	0.0	0.0	0.0	0.06656073225957723	14200	277306.0190725634	831862.2826345462	-0.3333556826189095
0.0	0.0	0.1	0.0	0.0	0.0	0.0	0.0	0.0	0.06891686437496033	14300	285495.48500931764	833383.9746748462	-0.3425737639372137
0.0	0.0	0.1	0.0	0.0	0.0	0.0	0.0	0.0	0.07127299649034344	14400	293518.42552002263	834958.236212316	-0.35153665511646714
0.0	0.0	0.1	0.0	0.0	0.0	0.0	0.0	0.0	0.07362912860572654	14500	301382.8611757172	836681.4890177138	-0.36021217767055974
0.0	0.0	0.1	0.0	0.0	0.0	0.0	0.0	0.0	0.07598526072110964	14600	309211.646893363	838428.6591639834	-0.36879899501728036
0.0	0.0	0.1	0.0	0.0	0.0	0.0	0.0	0.0	0.07834139283649275	14700	316905.11762020754	840219.4771694109	-0.3771694494488741
0.0	0.0	0.1	0.0	0.0	0.0	0.0	0.0	0.0	0.08069752495187585	14800	324473.18501907977	842100.8905174735	-0.3853139079566702
0.0	0.0	0.1	0.0	0.0	0.0	0.0	0.0	0.0	0.08305365706725895	14900	331958.0043122093	844000.0827847507	-0.39331513240724425
0.0	0.0	0.1	0.0	0.0	0.0	0.0	0.0	0.0	0.08540978918264205	15000	339279.0158471649	845938.7119869888	-0.4010680809845516
0.0	0.0	0.1	0.0	0.0	0.0	0.0	0.0	0.0	0.08776592129802516	15100	346560.9671636365	847936.564372641	-0.40871095990540873
0.0	0.0	0.1	0.0	0.0	0.0	0.0	0.0	0.0	0.09012205341340826	15200	353704.6804541288	850025.483054427	-0.41611067845066135
0.0	0.0	0.1	0.0	0.0	0.0	0.0	0.0	0.0	0.09247818552879136	15300	360670.96348247677	852132.1102325176	-0.42325709728748756
0.0	0.0	0.1	0.0	0.0	0.0	0.0	0.0	0.0	0.09483431764417447	15400	367486.58274860354	854323.6796088616	-0.43014912441248426
0.0	0.0	0.1	0.0	0.0	0.0	0.0	0.0	0.0	0.09719044975955757	15500	374147.55385730654	856661.8283155607	-0.43675058405834
0.0	0.0	0.1	0.0	0.0	0.0	0.0	0.0	0.0	0.09954658187494067	15600	380646.3049319198	859134.3955035282	-0.4430579277516036
0.0	0.0	0.1	0.0	0.0	0.0	0.0	0.0	0.0	0.10190271399032377	15700	386983.58486385405	861762.5252420609	-0.44906058633166257
0.0	0.0	0.1	0.0	0.0	0.0	0.0	0.0	0.0	0.10425884610570688	15800	393194.2285032545	864449.849437441	-0.45484909131412765
0.0	0.0	0.1	0.0	0.0	0.0	0.0	0.0	0.0	0.10661497822108998	15900	399293.2827429706	867110.3366991814	-0.4604872826945595
0.0	0.0	0.1	0.0	0.0	0.0	0.0	0.0	0.0	0.10897111033647308	16000	405314.66314766754	869779.2483371374	-0.4659971641339533
0.0	0.0	0.1	0.0	0.0	0.0	0.0	0.0	0.0	0.11132724245185618	16100	411194.2114706044	872423.9199371553	-0.4713238622574959
0.0	0.0	0.1	0.0	0.0	0.0	0.0	0.0	0.0	0.11368337456723929	16200	416941.6794491918	875143.0254588595	-0.4764269008835199
0.0	0.0	0.1	0.0	0.0	0.0	0.0	0.0	0.0	0.11603950668262239	16300	422618.56779974676	877955.0574275695	-0.48136697228902564
0.0	0.0	0.1	0.0	0.0	0.0	0.0	0.0	0.0	0.11839563879800549	16400	428214.0628760323	880733.9753169472	-0.48620136712897005
0.0	0.0	0.1	0.0	0.0	0.0	0.0	0.0	0.0	0.1207517709133886	16500	433660.93308419845	883530.6187972388	-0.4908272830143074
0.0	0.0	0.1	0.0	0.0	0.0	0.0	0.0	0.0	0.1231079030287717	16600	439002.54284347	886357.9358843886	-0.49528810548240065
0.0	0.0	0.1	0.0	0.0	0.0	0.0	0.0	0.0	0.1254640351441548	16700	444180.6863250654	889352.6494249742	-0.4994426975758804
0.0	0.0	0.1	0.0	0.0	0.0	0.0	0.0	0.0	0.1278201672595379	16800	449252.1531183984	892399.0156902006	-0.5034207178847425
0.0	0.0	0.1	0.0	0.0	0.0	0.0	0.0	0.0	0.130176299374921	16900	454241.69854724477	895517.1152714372	-0.50723954997729
0.0	0.0	0.1	0.0	0.0	0.0	0.0	0.0	0.0	0.1325324314903041	17000	458964.07442710834	898722.3865705525	-0.51068503609716
0.0	0.0	0.1	0.0	0.0	0.0	0.0	0.0	0.0	0.1348885636056872	17100	463509.2046765471	901887.6942646413	-0.5139322862748135
0.0	0.0	0.1	0.0	0.0	0.0	0.0	0.0	0.0	0.13724469572107031	17200	467776.44037542085	905129.3755838777	-0.5168061638411297
0.0	0.0	0.1	0.0	0.0	0.0	0.0	0.0	0.0	0.13960082783645342	17300	471777.9758916402	908506.1591365262	-0.519289793632256
0.0	0.0	0.1	0.0	0.0	0.0	0.0	0.0	0.0	0.14195695995183652	17400	475671.66474668577	911999.9541733355	-0.5215698340443987
0.0	0.0	0.1	0.0	0.0	0.0	0.0	0.0	0.0	0.14431309206721962	17500	479531.55137842824	915459.8649127926	-0.5238149369050809
0.0	0.0	0.1	0.0	0.0	0.0	0.0	0.0	0.0	0.14666922418260273	17600	483315.8449840876	918950.6797352211	-0.5259431824168695
0.0	0.0	0.1	0.0	0.0	0.0	0.0	0.0	0.0	0.14902535629798583	17700	487019.2211224389	922473.2805147717	-0.5279494066762188
0.0	0.0	0.1	0.0	0.0	0.0	0.0	0.0	0.0	0.15138148841336893	17800	490613.52077010117	926034.9509276069	-0.5298002200442379
0.0	0.0	0.1	0.0	0.0	0.0	0.0	0.0	0.0	0.15373762052875203	17900	494147.8156086744	929702.3542387288	-0.5315118471581145
0.0	0.0	0.1	0.0	0.0	0.0	0.0	0.0	0.0	0.15609375264413514	18000	497631.61454039026	933407.1428712129	-0.5331345687045499
0.0	0.0	0.1	0.0	0.0	0.0	0.0	0.0	0.0	0.15844988475951824	18100	501032.9317559847	937191.5211689365	-0.5346110378069344
0.0	0.0	0.1	0.0	0.0	0.0	0.0	0.0	0.0	0.16080601687490134	18200	504251.1968295482	940987.882333671	-0.5358742724497089
0.0	0.0	0.1	0.0	0.0	0.0	0.0	0.0	0.0	0.16316214899028444	18300	507370.88552650204	944842.8000252567	-0.536989735766563
0.0	0.0	0.1	0.0	0.0	0.0	0.0	0.0	0.0	0.16551828110566755	18400	510390.96409551636	948668.5064725857	-0.5380077030208291
0.0	0.0	0.1	0.0	0.0	0.0	0.0	0.0	0.0	0.16787441322105065	18500	513403.48025713285	952527.102787719	-0.5389909418373268
0.0	0.0	0.1	0.0	0.0	0.0	0.0	0.0	0.0	0.17023054533643375	18600	516342.5152225654	956356.9997860278	-0.5399056161434382
0.0	0.0	0.1	0.0	0.0	0.0	0.0	0.0	0.0	0.17258667745181686	18700	519186.69218504	960197.6382337067	-0.5407081537297771
0.0	0.0	0.1	0.0	0.0	0.0	0.0	0.0	0.0	0.17494280956719996	18800	522003.5320623865	964014.8748156818	-0.5414890845560788
0.0	0.0	0.1	0.0	0.0	0.0	0.0	0.0	0.0	0.17729894168258306	18900	524730.1906052263	967828.0801348134	-0.5421729348172396
0.0	0.0	0.1	0.0	0.0	0.0	0.0	0.0	0.0	0.17965507379796616	19000	527398.8238895558	971627.3932216291	-0.5427994595138547
0.0	0.0	0.1	0.0	0.0	0.0	0.0	0.0	0.0	0.18201120591334927	19100	529900.3939467606	975404.9296145877	-0.5432619600929641
0.0	0.0	0.1	0.0	0.0	0.0	0.0	0.0	0.0	0.18436733802873237	19200	532397.8673891996	979138.9087925613	-0.5437408958099044
0.0	0.0	0.1	0.0	0.0	0.0	0.0	0.0	0.0	0.18672347014411547	19300	534867.8367517089	982782.9547796893	-0.5442380071310967
0.0	0.0	0.1	0.0	0.0	0.0	0.0	0.0	0.0	0.18907960225949857	19400	537302.7000477979	986515.9775894956	-0.5446467287439898
0.0	0.0	0.1	0.0	0.0	0.0	0.0	0.0	0.0	0.19143573437488168	19500	539567.4976773049	990328.4560202955	-0.544836911831853
0.0	0.0	0.1	0.0	0.0	0.0	0.0	0.0	0.0	0.19379186649026478	19600	541687.8628597971	994305.4938449814	-0.5447901738580252
0.0	0.0	0.1	0.0	0.0	0.0	0.0	0.0	0.0	0.19614799860564788	19700	543705.1881247121	998310.6399645581	-0.5446252562669418
0.0	0.0	0.1	0.0	0.0	0.0	0.0	0.0	0.0	0.19850413072103099	19800	545580.4717726565	1002367.0974335966	-0.5442920793884093
0.0	0.0	0.1	0.0	0.0	0.0	0.0	0.0	0.0	0.2008602628364141	19900	547355.754420485	1006370.7664824353	-0.5438907534383733
0.0	0.0	0.1	0.0	0.0	0.0	0.0	0.0	0.0	0.2032163949517972	20000	548853.2859432648	1010408.583927912	-0.5431993499200349
0.0	0.0	0.1	0.0	0.0	0.0	0.0	0.0	0.0	0.2055725270671803	20100	550256.2642786315	1014418.3245595724	-0.5424352566950474
0.0	0.0	0.1	0.0	0.0	0.0	0.0	0.0	0.0	0.2079286591825634	20200	551634.5804582878	1018294.8813722117	-0.5417238076606337
0.0	0.0	0.1	0.0	0.0	0.0	0.0	0.0	0.0	0.2102847912979465	20300	552288.144089632	1022150.8048841495	-0.5403196294036361
0.0	0.0	0.1	0.0	0.0	0.0	0.0	0.0	0.0	0.2126409234133296	20400	551795.2049122131	1025852.2827352739	-0.5378895326342092
0.0	0.0	0.1	0.0	0.0	0.0	0.0	0.0	0.0	0.2149970555287127	20500	548761.7351139461	1029444.4055086036	-0.5330659258309601
0.0	0.0	0.1	0.0	0.0	0.0	0.0	0.0	0.0	0.2173531876440958	20600	543040.6776309459	1032746.4942398993	-0.5258218552759392
0.0	0.0	0.1	0.0	0.0	0.0	0.0	0.0	0.0	0.2197093197594789	20700	528501.5722055284	1034223.0052874531	-0.5110131659260819
0.0	0.0	0.1	0.0	0.0	0.0	0.0	0.0	0.0	0.222065451874862	20800	522162.6267346912	1035578.785711473	-0.5042229851936858
0.0	0.0	0.1	0.0	0.0	0.0	0.0	0.0	0.0	0.22442158399024512	20900	520575.9538606728	1037372.510896599	-0.5018216199027098
0.0	0.0	0.1	0.0	0.0	0.0	0.0	0.0	0.0	0.22677771610562822	21000	512090.8864767727	1037374.4555623956	-0.49364131122657245
0.0	0.0	0.1	0.0	0.0	0.0	0.0	0.0	0.0	0.22913384822101132	21100	505228.1985769931	1037869.0438662316	-0.4867937834381644
0.0	0.0	0.1	0.0	0.0	0.0	0.0	0.0	0.0	0.23148998033639442	21200	497698.62642990274	1037926.2929716532	-0.4795124950587367
0.0	0.0	0.1	0.0	0.0	0.0	0.0	0.0	0.0	0.23384611245177753	21300	495091.8766201178	1038354.9223735211	-0.4768040926588119
0.0	0.0	0.1	0.0	0.0	0.0	0.0	0.0	0.0	0.23620224456716063	21400	488513.18391238886	1037664.3204127866	-0.47078151797496187
0.0	0.0	0.1	0.0	0.0	0.0	0.0	0.0	0.0	0.23855837668254373	21500	484954.76860525104	1037254.9754929468	-0.467536700293754
0.0	0.0	0.1	0.0	0.0	0.0	0.0	0.0	0.0	0.24091450879792684	21600	481855.851367855	1036817.7387984184	-0.46474499165714894
0.0	0.0	0.1	0.0	0.0	0.0	0.0	0.0	0.0	0.24327064091330994	21700	478995.61522295664	1036345.687949097	-0.46219675615274414
0.0	0.0	0.1	0.0	0.0	0.0	0.0	0.0	0.0	0.24562677302869304	21800	479006.93471187237	1037341.915155816	-0.46176379042769344
0.0	0.0	0.1	0.0	0.0	0.0	0.0	0.0	0.0	0.24798290514407614	21900	475855.3940308458	1037553.9566710073	-0.45863194966518
0.0	0.0	0.1	0.0	0.0	0.0	0.0	0.0	0.0	0.2503390372594593	22000	473844.1894969934	1038828.2224607132	-0.45613334259881777
0.0	0.0	0.1	0.0	0.0	0.0	0.0	0.0	0.0	0.2526951693748424	22100	471484.8282037197	1040361.6473851849	-0.45319320391013657
0.0	0.0	0.1	0.0	0.0	0.0	0.0	0.0	0.0	0.2550513014902255	22200	469513.29391669424	1041807.4704933583	-0.45067184409260524
0.0	0.0	0.1	0.0	0.0	0.0	0.0	0.0	0.0	0.2574074336056086	22300	467922.715669374	1043252.554546383	-0.4485229522134567
0.0	0.0	0.1	0.0	0.0	0.0	0.0	0.0	0.0	0.2597635657209917	22400	461826.8137202535	1043521.4572758387	-0.4425657091190764
0.0	0.0	0.1	0.0	0.0	0.0	0.0	0.0	0.0	0.2621196978363748	22500	454240.0175985753	1042229.3058145103	-0.43583500777075457
0.0	0.0	0.1	0.0	0.0	0.0	0.0	0.0	0.0	0.2644758299517579	22600	444999.79245677753	1040671.2008462567	-0.42760844356499056
0.0	0.0	0.1	0.0	0.0	0.0	0.0	0.0	0.0	0.266831962067141	22700	444252.55155811436	1041315.8964406812	-0.42662611132377093
0.0	0.0	0.1	0.0	0.0	0.0	0.0	0.0	0.0	0.2691880941825241	22800	440358.68738896167	1041055.1059650652	-0.42299267816447256
0.0	0.0	0.1	0.0	0.0	0.0	0.0	0.0	0.0	0.2715442262979072	22900	441721.20760016027	1043045.8361218272	-0.42349165521098675
0.0	0.0	0.1	0.0	0.0	0.0	0.0	0.0	0.0	0.2739003584132903	23000	440870.5161323552	1045425.5594262325	-0.4217139251639504
0.0	0.0	0.1	0.0	0.0	0.0	0.0	0.0	0.0	0.2762564905286734	23100	441320.48301880626	1048081.042003058	-0.4210747693473866
0.0	0.0	0.1	0.0	0.0	0.0	0.0	0.0	0.0	0.2786126226440565	23200	440185.5332970808	1050543.4913079417	-0.41900743466512125
0.0	0.0	0.1	0.0	0.0	0.0	0.0	0.0	0.0	0.2809687547594396	23300	439604.6558658296	1052889.1763653094	-0.41752224805215854
0.0	0.0	0.1	0.0	0.0	0.0	0.0	0.0	0.0	0.2833248868748227	23400	435693.84972580755	1054737.329236524	-0.41308280047430046
0.0	0.0	0.1	0.0	0.0	0.0	0.0	0.0	0.0	0.2856810189902058	23500	426340.60754441126	1057794.0141805804	-0.40304690878278016
0.0	0.0	0.1	0.0	0.0	0.0	0.0	0.0	0.0	0.2880371511055889	23600	417419.05422469566	1059742.9925201503	-0.39388706240183863
0.0	0.0	0.1	0.0	0.0	0.0	0.0	0.0	0.0	0.290393283220972	23700	398673.4835396833	1058428.1486402208	-0.3766656093300857
0.0	0.0	0.1	0.0	0.0	0.0	0.0	0.0	0.0	0.2927494153363551	23800	377584.9648916929	1054449.1748407762	-0.3580874013664138
0.0	0.0	0.1	0.0	0.0	0.0	0.0	0.0	0.0	0.2951055474517382	23900	373618.3897992242	1052475.8544301363	-0.3549899869213818
0.0	0.0	0.1	0.0	0.0	0.0	0.0	0.0	0.0	0.29746167956712133	24000	372448.0764250931	1052001.8942262037	-0.3540374579829497
0.0	0.0	0.1	0.0	0.0	0.0	0.0	0.0	0.0	0.29981781168250443	24100	371596.8454863754	1050786.4478770164	-0.3536368842947496
0.0	0.0	0.1	0.0	0.0	0.0	0.0	0.0	0.0	0.30217394379788753	24200	367900.583983815	1048223.7831147199	-0.3509752305854247
0.0	0.0	0.1	0.0	0.0	0.0	0.0	0.0	0.0	0.30453007591327064	24300	362515.1751130555	1044689.117424446	-0.34700770694998007
0.0	0.0	0.1	0.0	0.0	0.0	0.0	0.0	0.0	0.30688620802865374	24400	359619.99659155845	1042299.5623026968	-0.34502556615976043
0.0	0.0	0.1	0.0	0.0	0.0	0.0	0.0	0.0	0.30924234014403684	24500	359257.5012076915	1041582.0691005636	-0.34491521298741323
0.0	0.0	0.1	0.0	0.0	0.0	0.0	0.0	0.0	0.31159847225941995	24600	358196.64963647723	1041014.8300050271	-0.34408409881610186
0.0	0.0	0.1	0.0	0.0	0.0	0.0	0.0	0.0	0.31395460437480305	24700	359042.1916774099	1041441.7881634684	-0.3447549308642236
0.0	0.0	0.1	0.0	0.0	0.0	0.0	0.0	0.0	0.31631073649018615	24800	359029.72035867104	1041720.6082762863	-0.3446506841721699
0.0	0.0	0.1	0.0	0.0	0.0	0.0	0.0	0.0	0.31866686860556925	24900	359059.6728826798	1041405.1944177322	-0.34478383131499196
0.0	0.0	0.1	0.0	0.0	0.0	0.0	0.0	0.0	0.32102300072095236	25000	359973.543149414	1042259.3466232775	-0.3453780906985003
0.0	0.0	0.1	0.0	0.0	0.0	0.0	0.0	0.0	0.32337913283633546	25100	360672.1429986948	1043153.2639947955	-0.3457518232915142
0.0	0.0	0.1	0.0	0.0	0.0	0.0	0.0	0.0	0.32573526495171856	25200	361660.2430296673	1044318.5615834531	-0.3463121851260579
0.0	0.0	0.1	0.0	0.0	0.0	0.0	0.0	0.0	0.32809139706710166	25300	362081.0940932655	1045356.8156888601	-0.3463708167958559
0.0	0.0	0.1	0.0	0.0	0.0	0.0	0.0	0.0	0.33044752918248477	25400	362309.53926205286	1046104.0819098144	-0.3463417699323038
0.0	0.0	0.1	0.0	0.0	0.0	0.0	0.0	0.0	0.33280366129786787	25500	361912.1042282605	1046553.6385114591	-0.34581323967591154
0.0	0.0	0.1	0.0	0.0	0.0	0.0	0.0	0.0	0.335159793413251	25600	361719.230574017	1046706.9895722496	-0.3455783081393564
0.0	0.0	0.1	0.0	0.0	0.0	0.0	0.0	0.0	0.3375159255286341	25700	362560.23787479295	1047006.7466540341	-0.34628261855374165
0.0	0.0	0.1	0.0	0.0	0.0	0.0	0.0	0.0	0.3398720576440172	25800	361728.0653772382	1046756.5128696177	-0.3455703985882861
0.0	0.0	0.1	0.0	0.0	0.0	0.0	0.0	0.0	0.3422281897594003	25900	360905.7092682798	1046312.6656589926	-0.3449310336322583
0.0	0.0	0.1	0.0	0.0	0.0	0.0	0.0	0.0	0.3445843218747834	26000	361483.2042709241	1046765.4912439765	-0.34533351289727493
0.0	0.0	0.1	0.0	0.0	0.0	0.0	0.0	0.0	0.3469404539901665	26100	361769.87175999326	1047307.4610515807	-0.3454285252553699
0.0	0.0	0.1	0.0	0.0	0.0	0.0	0.0	0.0	0.3492965861055496	26200	364120.3017151373	1048040.3831504552	-0.3474296482932993
0.0	0.0	0.1	0.0	0.0	0.0	0.0	0.0	0.0	0.3516527182209327	26300	364540.064686259	1048700.2868726093	-0.34761129490426224
0.0	0.0	0.1	0.0	0.0	0.0	0.0	0.0	0.0	0.3540088503363158	26400	366163.5846062535	1049344.416854656	-0.34894509250242717
0.0	0.0	0.1	0.0	0.0	0.0	0.0	0.0	0.0	0.3563649824516989	26500	367624.7633291935	1049711.0695657544	-0.35021519157769093
0.0	0.0	0.1	0.0	0.0	0.0	0.0	0.0	0.0	0.358721114567082	26600	369381.3807531914	1050559.988576612	-0.3516042727399705
0.0	0.0	0.1	0.0	0.0	0.0	0.0	0.0	0.0	0.3610772466824651	26700	371769.743699233	1051508.100173069	-0.3535586113298062
0.0	0.0	0.1	0.0	0.0	0.0	0.0	0.0	0.0	0.3634333787978482	26800	373089.26717641845	1052166.9047438833	-0.3545913347913516
0.0	0.0	0.1	0.0	0.0	0.0	0.0	0.0	0.0	0.3657895109132313	26900	374409.0082931756	1052954.0571382316	-0.35557962453818936
0.0	0.0	0.1	0.0	0.0	0.0	0.0	0.0	0.0	0.3681456430286144	27000	374458.27461863967	1054170.4442975568	-0.35521606268155126
0.0	0.0	0.1	0.0	0.0	0.0	0.0	0.0	0.0	0.3705017751439975	27100	373279.4439394397	1055797.705182696	-0.35355205083993546
0.0	0.0	0.1	0.0	0.0	0.0	0.0	0.0	0.0	0.3728579072593806	27200	369177.1281873821	1057229.1061842162	-0.3491931181499794
0.0	0.0	0.1	0.0	0.0	0.0	0.0	0.0	0.0	0.3752140393747637	27300	356663.6791758504	1059740.9711516476	-0.3365574125045433
0.0	0.0	0.1	0.0	0.0	0.0	0.0	0.0	0.0	0.3775701714901468	27400	356336.6522054482	1061587.2163943918	-0.33566403843456327
0.0	0.0	0.1	0.0	0.0	0.0	0.0	0.0	0.0	0.3799263036055299	27500	353011.05067531264	1063447.3487396676	-0.33194972096519837
0.0	0.0	0.1	0.0	0.0	0.0	0.0	0.0	0.0	0.382282435720913	27600	352739.7295697973	1064841.4659173347	-0.33126032452720156
0.0	0.0	0.1	0.0	0.0	0.0	0.0	0.0	0.0	0.38463856783629613	27700	346493.8789600778	1065024.968184065	-0.3253387378803633
0.0	0.0	0.1	0.0	0.0	0.0	0.0	0.0	0.0	0.38699469995167923	27800	343183.4598109913	1063420.6755044654	-0.32271655772367974
0.0	0.0	0.1	0.0	0.0	0.0	0.0	0.0	0.0	0.38935083206706234	27900	335584.96885130054	1060383.6227792553	-0.31647505831119455
0.0	0.0	0.1	0.0	0.0	0.0	0.0	0.0	0.0	0.39170696418244544	28000	336661.7266315862	1060586.0718523774	-0.3174298961361865
0.0	0.0	0.1	0.0	0.0	0.0	0.0	0.0	0.0	0.39406309629782854	28100	333475.1741604269	1059402.845505978	-0.3147765513138271
0.0	0.0	0.1	0.0	0.0	0.0	0.0	0.0	0.0	0.39641922841321164	28200	333465.0214368126	1058869.2169319144	-0.31492559808569304
0.0	0.0	0.1	0.0	0.0	0.0	0.0	0.0	0.0	0.39877536052859475	28300	331332.961884311	1056176.6899705406	-0.3137097845754887
0.0	0.0	0.1	0.0	0.0	0.0	0.0	0.0	0.0	0.40113149264397785	28400	331073.63214359304	1054477.2233671315	-0.3139694483740641
0.0	0.0	0.1	0.0	0.0	0.0	0.0	0.0	0.0	0.40348762475936095	28500	328466.49788025266	1049920.8442677073	-0.312848820626425
0.0	0.0	0.1	0.0	0.0	0.0	0.0	0.0	0.0	0.40584375687474405	28600	329340.0609067096	1048680.628680336	-0.31405182083047767
0.0	0.0	0.1	0.0	0.0	0.0	0.0	0.0	0.0	0.40819988899012716	28700	330219.1998021402	1047446.1410596268	-0.31526126915516717
0.0	0.0	0.1	0.0	0.0	0.0	0.0	0.0	0.0	0.41055602110551026	28800	330731.69487190584	1042804.2677235295	-0.3171560618886824
0.0	0.0	0.1	0.0	0.0	0.0	0.0	0.0	0.0	0.41291215322089336	28900	335081.2068084191	1043738.656933343	-0.321039375692893
0.0	0.0	0.1	0.0	0.0	0.0	0.0	0.0	0.0	0.41526828533627647	29000	338399.84051878634	1044288.8388431073	-0.3240481253191169
0.0	0.0	0.1	0.0	0.0	0.0	0.0	0.0	0.0	0.41762441745165957	29100	341239.11852904083	1044490.7697484647	-0.32670381434889884
0.0	0.0	0.1	0.0	0.0	0.0	0.0	0.0	0.0	0.41998054956704267	29200	344662.27821180946	1045081.7541891731	-0.32979456088506276
0.0	0.0	0.1	0.0	0.0	0.0	0.0	0.0	0.0	0.4223366816824258	29300	347856.4052156874	1045700.7799602547	-0.33265386416648635
0.0	0.0	0.1	0.0	0.0	0.0	0.0	0.0	0.0	0.4246928137978089	29400	350631.498366689	1046058.3559870204	-0.3351930572131864
0.0	0.0	0.1	0.0	0.0	0.0	0.0	0.0	0.0	0.427048945913192	29500	353768.40183284756	1046780.5816399081	-0.3379585063362817
0.0	0.0	0.1	0.0	0.0	0.0	0.0	0.0	0.0	0.4294050780285751	29600	356601.3534190629	1047573.933505307	-0.3404068600922823
0.0	0.0	0.1	0.0	0.0	0.0	0.0	0.0	0.0	0.4317612101439582	29700	359388.08448137814	1048211.038784547	-0.34285851911854176
0.0	0.0	0.1	0.0	0.0	0.0	0.0	0.0	0.0	0.4341173422593413	29800	362022.455522771	1048755.6806831998	-0.34519236671684644
0.0	0.0	0.1	0.0	0.0	0.0	0.0	0.0	0.0	0.4364734743747244	29900	364421.08156042325	1049491.1971554414	-0.34723595828927034
0.0	0.0	0.1	0.0	0.0	0.0	0.0	0.0	0.0	0.4388296064901075	30000	366861.8083369327	1050061.8868177314	-0.3493716065142855
0.0	0.0	0.1	0.0	0.0	0.0	0.0	0.0	0.0	0.4411857386054906	30100	369807.74842243706	1050769.679849066	-0.3519398737081534
0.0	0.0	0.1	0.0	0.0	0.0	0.0	0.0	0.0	0.4435418707208737	30200	372320.89908353996	1051235.8968765857	-0.35417445331706565
0.0	0.0	0.1	0.0	0.0	0.0	0.0	0.0	0.0	0.4458980028362568	30300	374316.30948132963	1051653.2822481978	-0.35593129009318136
0.0	0.0	0.1	0.0	0.0	0.0	0.0	0.0	0.0	0.4482541349516399	30400	375486.3677379628	1051260.2773571543	-0.35717735733526185
0.0	0.0	0.1	0.0	0.0	0.0	0.0	0.0	0.0	0.450610267067023	30500	377941.74695556506	1051770.688330536	-0.35933854322891223
0.0	0.0	0.1	0.0	0.0	0.0	0.0	0.0	0.0	0.4529663991824061	30600	378806.3623761021	1051711.1595831031	-0.3601809859336858
0.0	0.0	0.1	0.0	0.0	0.0	0.0	0.0	0.0	0.4553225312977892	30700	380268.49706715305	1051767.6944076952	-0.3615517942688874
0.0	0.0	0.1	0.0	0.0	0.0	0.0	0.0	0.0	0.4576786634131723	30800	379805.4737460042	1050260.5734820429	-0.36162975487768134
0.0	0.0	0.1	0.0	0.0	0.0	0.0	0.0	0.0	0.4600347955285554	30900	380361.12307007005	1049833.9814991425	-0.36230597387114655
0.0	0.0	0.1	0.0	0.0	0.0	0.0	0.0	0.0	0.4623909276439385	31000	380148.43089186086	1049485.179231376	-0.36222372494128474
0.0	0.0	0.1	0.0	0.0	0.0	0.0	0.0	0.0	0.4647470597593216	31100	379942.77484803007	1049188.6598575283	-0.36213008144752856
0.0	0.0	0.1	0.0	0.0	0.0	0.0	0.0	0.0	0.4671031918747047	31200	378637.39494458603	1047882.7340801496	-0.36133565582313065
0.0	0.0	0.1	0.0	0.0	0.0	0.0	0.0	0.0	0.46945932399008783	31300	378943.5695060581	1046892.9724982101	-0.3619697327815485
0.0	0.0	0.1	0.0	0.0	0.0	0.0	0.0	0.0	0.47181545610547093	31400	378438.2101425213	1045845.5484683411	-0.3618490423339762
0.0	0.0	0.1	0.0	0.0	0.0	0.0	0.0	0.0	0.47417158822085403	31500	375543.2062569184	1044463.7614747764	-0.35955599428998253
0.0	0.0	0.1	0.0	0.0	0.0	0.0	0.0	0.0	0.47652772033623714	31600	374985.3862880458	1045290.6751843083	-0.358737904384278
0.0	0.0	0.1	0.0	0.0	0.0	0.0	0.0	0.0	0.47888385245162024	31700	374932.74783817364	1046378.3709882963	-0.35831469593934034
0.0	0.0	0.1	0.0	0.0	0.0	0.0	0.0	0.0	0.48123998456700334	31800	374443.2738713711	1047229.8788211775	-0.35755594969546334
0.0	0.0	0.1	0.0	0.0	0.0	0.0	0.0	0.0	0.48359611668238645	31900	373680.5245750084	1047439.7156832571	-0.35675611586987827
0.0	0.0	0.1	0.0	0.0	0.0	0.0	0.0	0.0	0.48595224879776955	32000	374427.0135917654	1047248.3855962445	-0.3575341043649236
0.0	0.0	0.1	0.0	0.0	0.0	0.0	0.0	0.0	0.48830838091315265	32100	365622.1373974794	1043569.4368412732	-0.3503572685150327
0.0	0.0	0.1	0.0	0.0	0.0	0.0	0.0	0.0	0.49066451302853575	32200	361979.9792657533	1043012.5846474095	-0.3470523602436884
0.0	0.0	0.1	0.0	0.0	0.0	0.0	0.0	0.0	0.49302064514391886	32300	362147.7213608748	1043968.7106483746	-0.3468951872474768
0.0	0.0	0.1	0.0	0.0	0.0	0.0	0.0	0.0	0.49537677725930196	32400	362368.7198359324	1044630.4716835249	-0.34688698985770494
0.0	0.0	0.1	0.0	0.0	0.0	0.0	0.0	0.0	0.49773290937468506	32500	361974.563506604	1045307.9259366611	-0.3462851036762705
0.0	0.0	0.1	0.0	0.0	0.0	0.0	0.0	0.0	0.5000890414900684	32600	363365.2631619749	1045850.3585107689	-0.3474352331622148
0.0	0.0	0.1	0.0	0.0	0.0	0.0	0.0	0.0	0.502445173605457	32700	358686.3819562053	1044530.9746627336	-0.3433946820696445
0.0	0.0	0.1	0.0	0.0	0.0	0.0	0.0	0.0	0.5048013057208457	32800	358805.74933765107	1044326.7988461193	-0.34357611978750036
0.0	0.0	0.1	0.0	0.0	0.0	0.0	0.0	0.0	0.5071574378362343	32900	352958.59794916044	1041855.5976326322	-0.338778808455965
0.0	0.0	0.1	0.0	0.0	0.0	0.0	0.0	0.0	0.509513569951623	33000	345711.96897659294	1037611.8501769333	-0.33318043632370065
0.0	0.0	0.1	0.0	0.0	0.0	0.0	0.0	0.0	0.5118697020670117	33100	338972.00206209044	1032846.9383572348	-0.32819190285952016
0.0	0.0	0.1	0.0	0.0	0.0	0.0	0.0	0.0	0.5142258341824003	33200	343879.1821258136	1033490.325806237	-0.3327357533391034
