# exz		ezz		i		sxz		szz		tanPhi
0.0	0.995012354811984	100	5.64814963497794e-07	0.011402775568649985	-4.9533112363507165e-05
0.0	0.9900495862284893	200	1.498367439023308e-09	0.016604478723687737	9.023875208354214e-08
0.0	0.9851115701738395	300	0.0	0.0	0
0.0	0.980198183191203	400	0.0	0.0	0
0.0	0.9753093024395073	500	0.0	0.0	0
0.0	0.9704448056903675	600	0.0	0.0	0
0.0	0.9656045713250309	700	0.0	0.0	0
0.0	0.9607884783313355	800	0.0	0.0	0
0.0	0.9559964063006856	900	0.0	0.0	0
0.0	0.9512282354250395	1000	8.77950902297778e-05	0.0022415384980630543	0.03916733542860977
0.0	0.946483846493917	1100	0.03007119265228105	121.19193007873957	-0.000248128671873973
0.0	0.941763120891417	1200	0.6391241635850281	125.37712645290289	0.005097613748749546
0.0	0.9370659405932522	1300	3.6079365602440596	66.24012084831399	-0.0544675419374011
0.0	0.9323921881637983	1400	4.9360909643065085	70.90587464211532	-0.06961469679657069
0.0	0.9277417467531595	1500	4.65298202065378	68.92758662481882	-0.06750536684216907
0.0	0.9231145000942449	1600	1.4588158692563644	130.12004254049015	-0.01121130796435466
0.0	0.918510332499862	1700	11.290872937735664	191.29723577936235	0.059022666437053416
0.0	0.9139291288598262	1800	6.8770901054836235	533.2297161112635	-0.012897049616133268
0.0	0.9093707746380806	1900	33.9244158627019	2394.4880562420835	-0.01416771145475788
0.0	0.9048351558698351	2000	23.648306808960754	13421.839436131004	-0.0017619274110298583
0.0	0.9003221591587132	2100	51.938942892768196	69382.24519623553	-0.0007485912677784928
0.0	0.8958316716739212	2200	32.00298289386796	129425.13707422602	-0.0002472702259956972
0.0	0.8913635811474243	2300	56.00710749181707	186029.94795471372	-0.0003010650065087971
0.0	0.8869177758711417	2400	29.719737928394746	240825.41185630424	-0.00012340781522727313
0.0	0.8824941446941523	2500	34.658607621050635	258620.93436853366	-0.0001340131559947977
0.0	0.8780925770199166	2600	0.006801096992019827	236402.8929213326	-2.876909376182218e-08
0.0	0.8737129628035107	2700	0.04161309492541664	313289.82615734224	-1.3282619303608497e-07
0.0	0.8693551925488767	2800	0.00020824536716795036	390673.87499355455	-5.330414458130482e-10
0.0	0.8650191573060834	2900	3.0614656284794394e-05	469909.0664190495	6.515017153870628e-11
0.0	0.8607047486686039	3000	6.453658187748353e-05	551073.8174283943	1.1711059360186225e-10
0.0	0.8564118587706044	3100	1.3994821164653524e-05	634202.4270119288	-2.2066804806457e-11
0.0	0.8521403802842474	3200	5.960625547681012e-06	719331.5887656381	8.286339208193753e-12
0.004217883977662911	0.8520977732652332	3300	17655.65488530907	720174.4877392951	-0.024515801636811746
0.008478372843989078	0.8520977732652332	3400	35489.1249382917	720115.9590201826	-0.04928251414755419
0.012738861710315172	0.8520977732652332	3500	53320.815400976666	720018.2767156964	-0.07405480822541774
0.01699935057664132	0.8520977732652332	3600	71149.95823680513	719881.3856714043	-0.09883566883792451
0.02125983944296759	0.8520977732652332	3700	88975.71932221524	719705.1676909566	-0.12362801229797708
0.025520328309293856	0.8520977732652332	3800	106797.26201914508	719489.5165567538	-0.14843477154502896
0.029780817175620124	0.8520977732652332	3900	124613.7730673668	719234.3303196689	-0.1732589335828579
0.03404130604194639	0.8520977732652332	4000	142424.39540662876	718939.433198635	-0.19810346856753713
0.03830179490827266	0.8520977732652332	4100	160228.30871024748	718604.6269519639	-0.22297144034525979
0.042562283774598926	0.8520977732652332	4200	178024.69664211455	718229.7373106158	-0.2478659506757842
0.046822772640925193	0.8520977732652332	4300	195812.75486890075	717814.5357894984	-0.27279017783268117
0.05108326150725146	0.8520977732652332	4400	213591.65386509997	717358.7432548945	-0.29774733475187576
0.05534375037357773	0.8520977732652332	4500	231360.6135953011	716862.1091294502	-0.3227407483933877
0.059604239239903996	0.8520977732652332	4600	249118.8579617486	716324.3488950132	-0.3477738238914175
0.06386472810623003	0.8520977732652332	4700	266865.5808740015	715745.1099945699	-0.3728500232101147
0.06812521697255561	0.8520977732652332	4800	284600.0264682139	715124.0698362371	-0.39797293710640597
0.07238570583888118	0.8520977732652332	4900	301459.883075553	713510.8637663258	-0.4225021627341064
0.07664619470520675	0.8520977732652332	5000	316671.2984972495	710083.7114615915	-0.44596333275330774
0.08090668357153233	0.8520977732652332	5100	331392.0303566424	706000.2846986935	-0.4693936214176935
0.0851671724378579	0.8520977732652332	5200	346173.1463971974	701901.3804295125	-0.4931934258134165
0.08942766130418348	0.8520977732652332	5300	360981.8221474034	697802.3509574345	-0.5173124189852766
0.09368815017050905	0.8520977732652332	5400	374898.3669158033	695818.3009733672	-0.5387877358088526
0.09794863903683462	0.8520977732652332	5500	386715.91357478686	698231.7124536075	-0.5538504004864737
0.1022091279031602	0.8520977732652332	5600	395549.6492332865	707514.1897794039	-0.5590695634763383
0.10646961676948577	0.8520977732652332	5700	404243.5026050934	716779.7067946924	-0.563971745814061
0.11073010563581134	0.8520977732652332	5800	412863.03195456875	725937.5238953772	-0.568730804462549
0.11499059450213692	0.8520977732652332	5900	421366.6546856867	735022.6519777108	-0.5732702979315316
0.11925108336846249	0.8520977732652332	6000	429788.0430128629	744006.8882591487	-0.5776667525464647
0.12351157223478806	0.8520977732652332	6100	438106.2056345353	752906.9739675019	-0.5818862366567021
0.12777206110111364	0.8520977732652332	6200	446335.76424690266	761707.3238280055	-0.5859675367223932
0.1320325499674392	0.8520977732652332	6300	454469.13251259155	770415.355771402	-0.5899014461589235
0.13629303883376478	0.8520977732652332	6400	462509.94493904593	779024.3818752142	-0.5937040684474132
0.14055352770009036	0.8520977732652332	6500	469958.2509442759	787369.6710694649	-0.5968711625708711
0.14481401656641593	0.8520977732652332	6600	475962.4883843326	795113.2206395874	-0.5986097024037274
0.1490745054327415	0.8520977732652332	6700	481473.3895385294	802650.5244943772	-0.599854326192373
0.15333499429906708	0.8520977732652332	6800	486191.5870777556	809924.7848640088	-0.6002922693116375
0.15759548316539265	0.8520977732652332	6900	490297.5158735027	817381.5123671964	-0.5998392530968377
0.16185597203171823	0.8520977732652332	7000	494170.20853610896	824837.483064172	-0.5991122114144548
0.1661164608980438	0.8520977732652332	7100	497862.1132549294	832179.2950791805	-0.5982630380242261
0.17037694976436937	0.8520977732652332	7200	501482.8102092423	839315.2429465057	-0.5974904118847328
0.17463743863069495	0.8520977732652332	7300	504886.2792977508	846372.6332610936	-0.5965295420202944
0.17889792749702052	0.8520977732652332	7400	507986.6926921699	853314.78237163	-0.5953098471824375
0.1831584163633461	0.8520977732652332	7500	503659.1780390531	860812.0736027255	-0.5850977158476723
0.18741890522967167	0.8520977732652332	7600	330269.79519050766	732036.2176372604	-0.4511659221677518
0.19167939409599724	0.8520977732652332	7700	343899.4384434168	736594.6064779563	-0.4668774865020798
0.19593988296232281	0.8520977732652332	7800	355076.4664376918	742265.5598741987	-0.4783685053336857
0.2002003718286484	0.8520977732652332	7900	366281.48093932075	747995.2626275796	-0.4896842256094463
0.20446086069497396	0.8520977732652332	8000	377303.4715947998	753674.1111503331	-0.500618856363424
0.20872134956129954	0.8520977732652332	8100	388302.64237571904	759224.4090920716	-0.5114464679027849
0.2129818384276251	0.8520977732652332	8200	397074.1811128047	765650.2680772978	-0.5186103860577728
0.21724232729395068	0.8520977732652332	8300	383532.2618406799	779457.3207829943	-0.49205036839657534
0.22150281616027626	0.8520977732652332	8400	137684.7442324104	716655.4304054552	-0.19212125994009957
0.22576330502660183	0.8520977732652332	8500	155216.80163897708	715851.4576488191	-0.21682822599646506
0.2300237938929274	0.8520977732652332	8600	173195.26210185938	715181.4294649217	-0.24216968585361495
0.23428428275925298	0.8520977732652332	8700	191020.34417414095	714854.5668852621	-0.2672156729814957
0.23854477162557855	0.8520977732652332	8800	208892.6071204836	714457.5584226709	-0.292379308830691
0.24280526049190412	0.8520977732652332	8900	226565.60433266807	713271.0678163038	-0.31764305963832795
0.2470657493582297	0.8520977732652332	9000	244024.21960795883	711675.314857582	-0.34288700832175434
0.2513262382245553	0.8520977732652332	9100	261484.0879940046	710015.1950684936	-0.3682795661419328
0.25558672709088087	0.8520977732652332	9200	279123.8701567415	708326.2643619461	-0.3940611610783256
0.25984721595720645	0.8520977732652332	9300	296111.86216611275	706152.0877312458	-0.4193315679593514
0.264107704823532	0.8520977732652332	9400	312075.4175595378	703874.6028393006	-0.443367918519411
0.2683681936898576	0.8520977732652332	9500	325355.93829684483	705671.5347835342	-0.46105861191729697
0.27262868255618317	0.8520977732652332	9600	338886.85875976435	707414.915871704	-0.4790496371456557
0.27688917142250874	0.8520977732652332	9700	351954.45584861253	708840.1488997258	-0.49652161547977
0.2811496602888343	0.8520977732652332	9800	363543.28342701396	712193.4311181814	-0.5104558221721194
0.2854101491551599	0.8520977732652332	9900	373486.65995404206	717788.1704143963	-0.5203299181406392
0.28967063802148546	0.8520977732652332	10000	382440.2256144318	725318.835320055	-0.5272718796081943
0.29393112688781103	0.8520977732652332	10100	391285.23190717533	732795.2775240248	-0.5339625457593741
0.2981916157541366	0.8520977732652332	10200	400047.4969457611	740194.7270379782	-0.5404625057876632
0.3024521046204622	0.8520977732652332	10300	408736.7082008378	747523.9819660906	-0.5467874182789483
0.30671259348678775	0.8520977732652332	10400	417329.54050912475	754739.3021508288	-0.552945287624262
0.31097308235311333	0.8520977732652332	10500	425858.69982832595	761852.538582984	-0.5589778576053661
0.3152335712194389	0.8520977732652332	10600	434296.6213919474	768860.6825499417	-0.5648573678544649
0.3194940600857645	0.8520977732652332	10700	442662.91212845105	775769.5890136115	-0.5706113237711412
0.32375454895209005	0.8520977732652332	10800	450954.76314791926	782576.0482724251	-0.57624401378425
0.3280150378184156	0.8520977732652332	10900	459164.9617477271	789280.0656849947	-0.5817516262104382
0.3322755266847412	0.8520977732652332	11000	467298.3672330963	795875.5543544673	-0.5871500445972622
0.33653601555106677	0.8520977732652332	11100	475354.826725984	802362.6813267117	-0.592443838414795
0.34079650441739234	0.8520977732652332	11200	483339.69231004175	808745.4488593129	-0.5976413134587198
0.3450569932837179	0.8520977732652332	11300	491255.1966341606	815019.3176301701	-0.6027528256171673
0.3493174821500435	0.8520977732652332	11400	497027.08195599366	821408.9354908819	-0.6050909120667959
0.35357797101636906	0.8520977732652332	11500	502156.2000612282	827736.1830867548	-0.606662135015786
0.35783845988269464	0.8520977732652332	11600	506832.8656173233	833862.9952769688	-0.6078131161690153
0.3620989487490202	0.8520977732652332	11700	510753.60287484876	839924.91128853	-0.6080943617820561
0.3663594376153458	0.8520977732652332	11800	513724.2293680648	845740.4837870549	-0.6074253736414645
0.37061992648167136	0.8520977732652332	11900	515060.0081179922	850650.1002055946	-0.6054898576906143
0.37488041534799693	0.8520977732652332	12000	509619.2309069396	855886.9670517192	-0.5954281938214682
0.3791409042143225	0.8520977732652332	12100	412471.81279957225	800688.7582064394	-0.5151462519887481
0.3834013930806481	0.8520977732652332	12200	369407.5997749495	729792.8882059505	-0.5061814190640636
0.38766188194697365	0.8520977732652332	12300	378813.86300893954	737885.1256049456	-0.5133778278812354
0.3919223708132992	0.8520977732652332	12400	387833.6618203779	745987.8077169474	-0.5198927620644638
0.3961828596796248	0.8520977732652332	12500	396804.42245320184	753966.3309483529	-0.5262893131502223
0.4004433485459504	0.8520977732652332	12600	405695.27821773774	761838.186704921	-0.5325215843700858
0.40470383741227595	0.8520977732652332	12700	414457.99689055956	769619.1006995491	-0.5385235326330076
0.4089643262786015	0.8520977732652332	12800	419318.8471863166	778604.1338073311	-0.5385520433032774
0.4132248151449271	0.8520977732652332	12900	403863.64048633	787762.6058744893	-0.5126717585661534
0.41748530401125267	0.8520977732652332	13000	394232.51733074733	789114.7948566418	-0.4995882980528421
0.42174579287757824	0.8520977732652332	13100	389348.6182570309	790206.0884116368	-0.4927178162340482
0.4260062817439038	0.8520977732652332	13200	372455.37698699685	785381.7283728471	-0.4742348383360655
0.4302667706102294	0.8520977732652332	13300	352037.3901989815	774987.1837565715	-0.45424930576601474
0.43452725947655496	0.8520977732652332	13400	335770.57067114365	763314.8060091407	-0.4398847867587712
0.43878774834288053	0.8520977732652332	13500	331924.68718167103	754040.0643499709	-0.4401950279230993
0.4430482372092061	0.8520977732652332	13600	339300.9005795312	753930.9444612756	-0.450042411804678
0.4473087260755317	0.8520977732652332	13700	344563.6772122405	753140.2652056246	-0.4575026633560306
0.45156921494185726	0.8520977732652332	13800	349173.21153151954	752111.5172241849	-0.46425723251814005
0.45582970380818283	0.8520977732652332	13900	353408.0739688423	750843.2126117451	-0.47068158575948493
0.4600901926745084	0.8520977732652332	14000	331986.3620218057	720935.5607755582	-0.46049380844061283
0.464350681540834	0.8520977732652332	14100	340600.3040433425	722433.4326016734	-0.4714625440530222
0.46861117040715955	0.8520977732652332	14200	351710.49375515676	726951.7337521412	-0.48381546865541236
0.4728716592734851	0.8520977732652332	14300	360853.2989564808	733668.2549162108	-0.49184804785875924
0.4771321481398107	0.8520977732652332	14400	369703.1690280527	740522.2832678717	-0.4992465147660097
0.48139263700613627	0.8520977732652332	14500	378388.7229763561	747204.8067004499	-0.506405632810724
0.48565312587246184	0.8520977732652332	14600	386652.92061603686	753889.1851026972	-0.5128776592853839
0.4899136147387874	0.8520977732652332	14700	394658.2940125679	760531.5276944994	-0.5189243044386973
0.494174103605113	0.8520977732652332	14800	402496.4345322006	767020.5391453188	-0.5247531376157114
0.49843459247143856	0.8520977732652332	14900	410089.85538982146	773255.2807849387	-0.5303421335493957
0.5026950813377642	0.8520977732652332	15000	417447.9686802953	779337.578607239	-0.5356446040062899
