# cellvel_xx		cellvel_xy		cellvel_xz		cellvel_yx		cellvel_yy		cellvel_yz		cellvel_zx		cellvel_zy		cellvel_zz		exz		i		sxz		szz		tanPhi
-0.1	0.0	0.0	0.0	-0.1	0.0	0.0	0.0	-0.1	0.0	100	0.0794835590515701	0.14723747274872281	-0.5398324052139748
-0.1	0.0	0.0	0.0	-0.1	0.0	0.0	0.0	-0.1	0.0	200	0.9084860690764825	0.784159148725176	-1.1585480709539988
-0.1	0.0	0.0	0.0	-0.1	0.0	0.0	0.0	-0.1	0.0	300	0.014971900514205825	0.02011437887103487	0.7443381975749536
-0.1	0.0	0.0	0.0	-0.1	0.0	0.0	0.0	-0.1	0.0	400	0.06792988863289391	0.3578740714628064	0.18981506079842897
-0.1	0.0	0.0	0.0	-0.1	0.0	0.0	0.0	-0.1	0.0	500	0.11058344517686412	1.2158129488676495	-0.09095432424852548
-0.1	0.0	0.0	0.0	-0.1	0.0	0.0	0.0	-0.1	0.0	600	0.0	0.0	0
-0.1	0.0	0.0	0.0	-0.1	0.0	0.0	0.0	-0.1	0.0	700	0.0226139204785435	0.21800365326683688	-0.10373184182773312
-0.1	0.0	0.0	0.0	-0.1	0.0	0.0	0.0	-0.1	0.0	800	0.1527049546746333	0.6829861576429486	-0.22358426004069087
-0.1	0.0	0.0	0.0	-0.1	0.0	0.0	0.0	-0.1	0.0	900	0.8806497481409238	2.149820528269329	-0.40963872870349494
-0.1	0.0	0.0	0.0	-0.1	0.0	0.0	0.0	-0.1	0.0	1000	0.0	0.0	0
-0.1	0.0	0.0	0.0	-0.1	0.0	0.0	0.0	-0.1	0.0	1100	2.0937995572403465	1.5379460685542345	-1.3614258653482232
-0.1	0.0	0.0	0.0	-0.1	0.0	0.0	0.0	-0.1	0.0	1200	0.735128624943385	0.8285427825192403	0.8872548774224751
-0.1	0.0	0.0	0.0	-0.1	0.0	0.0	0.0	-0.1	0.0	1300	3.636306253851767	5.591570190696858	0.6503193431966177
-0.1	0.0	0.0	0.0	-0.1	0.0	0.0	0.0	-0.1	0.0	1400	0.0	0.0	0
-0.1	0.0	0.0	0.0	-0.1	0.0	0.0	0.0	-0.1	0.0	1500	0.8245795713897539	1.992766983877699	-0.4137862469927194
-0.1	0.0	0.0	0.0	-0.1	0.0	0.0	0.0	-0.1	0.0	1600	0.07666073131547375	0.0825995896180776	0.9281006318546638
-0.1	0.0	0.0	0.0	-0.1	0.0	0.0	0.0	-0.1	0.0	1700	0.001273014126847627	0.036825291078013384	-0.034569017367731894
-0.1	0.0	0.0	0.0	-0.1	0.0	0.0	0.0	-0.1	0.0	1800	0.2747270164645966	0.49577472470011386	0.5541367939456262
-0.1	0.0	0.0	0.0	-0.1	0.0	0.0	0.0	-0.1	0.0	1900	0.019699625834617623	0.3731350235166673	-0.05279489887857626
-0.1	0.0	0.0	0.0	-0.1	0.0	0.0	0.0	-0.1	0.0	2000	0.15278810734473977	3.9560241057440395	-0.03862163203780675
-0.1	0.0	0.0	0.0	-0.1	0.0	0.0	0.0	-0.1	0.0	2100	1.4828645007702723	2.227724110174881	-0.6656409983612667
-0.1	0.0	0.0	0.0	-0.1	0.0	0.0	0.0	-0.1	0.0	2200	0.02414463983687541	0.2995550954911399	0.08060166627207165
-0.1	0.0	0.0	0.0	-0.1	0.0	0.0	0.0	-0.1	0.0	2300	1.676869961437136	2.5459523014456384	0.658641546616949
-0.1	0.0	0.0	0.0	-0.1	0.0	0.0	0.0	-0.1	0.0	2400	0.0	0.0	0
-0.1	0.0	0.0	0.0	-0.1	0.0	0.0	0.0	-0.1	0.0	2500	0.0	0.0	0
-0.1	0.0	0.0	0.0	-0.1	0.0	0.0	0.0	-0.1	0.0	2600	0.0	0.0	0
-0.1	0.0	0.0	0.0	-0.1	0.0	0.0	0.0	-0.1	0.0	2700	3.6126136423430397	5.8686425936674524	-0.6155790857397285
-0.1	0.0	0.0	0.0	-0.1	0.0	0.0	0.0	-0.1	0.0	2800	0.6395767545527151	0.12192186578567103	-5.245792052403794
-0.1	0.0	0.0	0.0	-0.1	0.0	0.0	0.0	-0.1	0.0	2900	0.041244336128244005	0.006718233671259418	-6.139163677007416
-0.1	0.0	0.0	0.0	-0.1	0.0	0.0	0.0	-0.1	0.0	3000	0.5622772763175395	1.8516917225932799	0.3036559862837614
-0.1	0.0	0.0	0.0	-0.1	0.0	0.0	0.0	-0.1	0.0	3100	0.2772959617419011	2.202968879376662	0.12587375352318322
-0.1	0.0	0.0	0.0	-0.1	0.0	0.0	0.0	-0.1	0.0	3200	0.2855371002555711	1.964540734357517	0.1453454719781889
-0.1	0.0	0.0	0.0	-0.1	0.0	0.0	0.0	-0.1	0.0	3300	0.09462103876220136	2.0294729130086315	-0.04662345486638132
-0.1	0.0	0.0	0.0	-0.1	0.0	0.0	0.0	-0.1	0.0	3400	0.024010419071812904	0.38328066223888424	-0.06264448337038231
-0.1	0.0	0.0	0.0	-0.1	0.0	0.0	0.0	-0.1	0.0	3500	2.6257996145695235	3.2120063048204384	-0.8174951620203356
-0.1	0.0	0.0	0.0	-0.1	0.0	0.0	0.0	-0.1	0.0	3600	0.0	0.0	0
-0.1	0.0	0.0	0.0	-0.1	0.0	0.0	0.0	-0.1	0.0	3700	0.22101534509920123	1.286682572964721	-0.17177146076514174
-0.1	0.0	0.0	0.0	-0.1	0.0	0.0	0.0	-0.1	0.0	3800	0.0418727759228863	0.10135013627723706	-0.41314967557957594
-0.1	0.0	0.0	0.0	-0.1	0.0	0.0	0.0	-0.1	0.0	3900	0.04548531817966319	2.6609779203514052	0.0170934594502973
-0.1	0.0	0.0	0.0	-0.1	0.0	0.0	0.0	-0.1	0.0	4000	0.0	0.0	0
-0.1	0.0	0.0	0.0	-0.1	0.0	0.0	0.0	-0.1	0.0	4100	1.836012859437677	2.673298531646125	0.6867967934382262
-0.1	0.0	0.0	0.0	-0.1	0.0	0.0	0.0	-0.1	0.0	4200	0.15420337696214514	1.1371743373495362	-0.13560223080794626
-0.1	0.0	0.0	0.0	-0.1	0.0	0.0	0.0	-0.1	0.0	4300	0.7303415584257105	0.2810880032277426	2.5982665572318093
-0.1	0.0	0.0	0.0	-0.1	0.0	0.0	0.0	-0.1	0.0	4400	3.7223315739301337	2.326184277333739	-1.6001877453133901
-0.1	0.0	0.0	0.0	-0.1	0.0	0.0	0.0	-0.1	0.0	4500	0.547204712042933	2.0193158062899923	0.2709852071372086
-0.1	0.0	0.0	0.0	-0.1	0.0	0.0	0.0	-0.1	0.0	4600	0.6281206458065982	2.7457354681024864	0.22876225809206513
-0.1	0.0	0.0	0.0	-0.1	0.0	0.0	0.0	-0.1	0.0	4700	0.8785897565402377	0.3555889138765997	-2.470801878950409
-0.1	0.0	0.0	0.0	-0.1	0.0	0.0	0.0	-0.1	0.0	4800	0.7910623815375091	1.4842725600215696	-0.5329630169313466
-0.1	0.0	0.0	0.0	-0.1	0.0	0.0	0.0	-0.1	0.0	4900	1.127775140736247	0.9234983508741508	1.2211988680529156
-0.1	0.0	0.0	0.0	-0.1	0.0	0.0	0.0	-0.1	0.0	5000	0.05172350617716147	2.231269856477938	-0.023181197033158095
-0.1	0.0	0.0	0.0	-0.1	0.0	0.0	0.0	-0.1	0.0	5100	0.4655996450708003	1.6418707331565061	0.2835787468942103
-0.1	0.0	0.0	0.0	-0.1	0.0	0.0	0.0	-0.1	0.0	5200	0.013421382357902271	0.012298009692436706	1.091345892023198
-0.1	0.0	0.0	0.0	-0.1	0.0	0.0	0.0	-0.1	0.0	5300	3.533363782558137	9.120691110029567	0.3874008822283954
-0.1	0.0	0.0	0.0	-0.1	0.0	0.0	0.0	-0.1	0.0	5400	0.7399427169468533	0.3440087276391386	2.1509416985578493
-0.1	0.0	0.0	0.0	-0.1	0.0	0.0	0.0	-0.1	0.0	5500	0.3027967486108706	1.756837500860394	0.17235330442489918
-0.1	0.0	0.0	0.0	-0.1	0.0	0.0	0.0	-0.1	0.0	5600	1.0886322461332874	3.6228713593718878	0.3004887941486358
-0.1	0.0	0.0	0.0	-0.1	0.0	0.0	0.0	-0.1	0.0	5700	3.492193795606941	2.1475279292674654	1.6261459271443093
-0.1	0.0	0.0	0.0	-0.1	0.0	0.0	0.0	-0.1	0.0	5800	0.6057092225249427	0.3260295375099067	-1.8578354193031903
-0.1	0.0	0.0	0.0	-0.1	0.0	0.0	0.0	-0.1	0.0	5900	0.4639680745479553	0.25190383229019087	-1.8418460343765966
-0.1	0.0	0.0	0.0	-0.1	0.0	0.0	0.0	-0.1	0.0	6000	0.2061403643459286	0.7140734711927548	0.28868228923502987
-0.1	0.0	0.0	0.0	-0.1	0.0	0.0	0.0	-0.1	0.0	6100	0.12668314245215412	0.7998915054694241	0.1583754066469413
-0.1	0.0	0.0	0.0	-0.1	0.0	0.0	0.0	-0.1	0.0	6200	2.8072659185644744	12.681734161368844	-0.22136293686994168
-0.1	0.0	0.0	0.0	-0.1	0.0	0.0	0.0	-0.1	0.0	6300	1.7962105860677327	1.5539520944594036	1.1558983011587671
-0.1	0.0	0.0	0.0	-0.1	0.0	0.0	0.0	-0.1	0.0	6400	3.754794288277293	2.1825864560701183	1.7203416056370258
-0.1	0.0	0.0	0.0	-0.1	0.0	0.0	0.0	-0.1	0.0	6500	1.3842343988112036	2.3388330948819083	0.5918483032587223
-0.1	0.0	0.0	0.0	-0.1	0.0	0.0	0.0	-0.1	0.0	6600	0.46300551572471543	8.43835395907272	0.054869174482412277
-0.1	0.0	0.0	0.0	-0.1	0.0	0.0	0.0	-0.1	0.0	6700	1.3950358170709796	5.334149752788459	0.2615291811673859
-0.1	0.0	0.0	0.0	-0.1	0.0	0.0	0.0	-0.1	0.0	6800	2.01521884708076	2.3868190509564506	-0.84431153097811
-0.1	0.0	0.0	0.0	-0.1	0.0	0.0	0.0	-0.1	0.0	6900	1.1729902064046063	1.4786311884856185	0.793294646791508
-0.1	0.0	0.0	0.0	-0.1	0.0	0.0	0.0	-0.1	0.0	7000	2.654436130152217	1.2530593790297142	-2.1183642009109223
-0.1	0.0	0.0	0.0	-0.1	0.0	0.0	0.0	-0.1	0.0	7100	0.8220763676047672	7.099724922303549	0.11578988997478504
-0.1	0.0	0.0	0.0	-0.1	0.0	0.0	0.0	-0.1	0.0	7200	0.1582947347402824	1.5333829088412052	0.1032323588763015
-0.1	0.0	0.0	0.0	-0.1	0.0	0.0	0.0	-0.1	0.0	7300	1.1184010519156522	1.709292067710803	0.6543065828495237
-0.1	0.0	0.0	0.0	-0.1	0.0	0.0	0.0	-0.1	0.0	7400	1.3038845608227692	2.4371842611575185	-0.5349962994605508
-0.1	0.0	0.0	0.0	-0.1	0.0	0.0	0.0	-0.1	0.0	7500	2.2297032731185573	9.69420788909252	0.23000365771269646
-0.1	0.0	0.0	0.0	-0.1	0.0	0.0	0.0	-0.1	0.0	7600	0.07822922937997095	2.269860440332299	-0.034464334454200406
-0.1	0.0	0.0	0.0	-0.1	0.0	0.0	0.0	-0.1	0.0	7700	2.4489158648950538	13.730684959181591	-0.17835351056230336
-0.1	0.0	0.0	0.0	-0.1	0.0	0.0	0.0	-0.1	0.0	7800	1.3763169920568321	17.50442833549745	0.07862678892893529
-0.1	0.0	0.0	0.0	-0.1	0.0	0.0	0.0	-0.1	0.0	7900	4.556024632586054	7.448358466810309	-0.6116817085116916
-0.1	0.0	0.0	0.0	-0.1	0.0	0.0	0.0	-0.1	0.0	8000	0.09774021729362083	2.1263671565249043	-0.04596582344384799
-0.1	0.0	0.0	0.0	-0.1	0.0	0.0	0.0	-0.1	0.0	8100	0.58493965107464	4.002292011984585	-0.14615116771167094
-0.1	0.0	0.0	0.0	-0.1	0.0	0.0	0.0	-0.1	0.0	8200	1.3424172682972266	4.75550520409905	0.2822869938487541
-0.1	0.0	0.0	0.0	-0.1	0.0	0.0	0.0	-0.1	0.0	8300	1.8844290138747337	7.19740368728832	0.2618206641935222
-0.1	0.0	0.0	0.0	-0.1	0.0	0.0	0.0	-0.1	0.0	8400	3.627922293581382	9.624380933780971	0.3769512365047401
-0.1	0.0	0.0	0.0	-0.1	0.0	0.0	0.0	-0.1	0.0	8500	1.1449426034911798	15.39994668029664	-0.07434717971823039
-0.1	0.0	0.0	0.0	-0.1	0.0	0.0	0.0	-0.1	0.0	8600	0.03077238125785842	12.472086595031444	-0.0024673001605134254
-0.1	0.0	0.0	0.0	-0.1	0.0	0.0	0.0	-0.1	0.0	8700	2.896255729148533	20.23352939567226	-0.14314140022293945
-0.1	0.0	0.0	0.0	-0.1	0.0	0.0	0.0	-0.1	0.0	8800	5.569768459034131	15.600345434157544	0.3570285339220062
-0.1	0.0	0.0	0.0	-0.1	0.0	0.0	0.0	-0.1	0.0	8900	0.05631536573364622	13.169067759285669	0.004276336545837694
-0.1	0.0	0.0	0.0	-0.1	0.0	0.0	0.0	-0.1	0.0	9000	10.128751878232977	17.735002963431725	-0.5711164468998241
-0.1	0.0	0.0	0.0	-0.1	0.0	0.0	0.0	-0.1	0.0	9100	7.974672433733308	16.336522347866875	-0.48814994182495597
-0.1	0.0	0.0	0.0	-0.1	0.0	0.0	0.0	-0.1	0.0	9200	7.610916320909842	44.79005231460301	0.1699242561149775
-0.1	0.0	0.0	0.0	-0.1	0.0	0.0	0.0	-0.1	0.0	9300	7.648840084529158	40.687431171330765	0.18799024328472952
-0.1	0.0	0.0	0.0	-0.1	0.0	0.0	0.0	-0.1	0.0	9400	7.146710922197261	29.901561513265772	-0.23900795010409862
-0.1	0.0	0.0	0.0	-0.1	0.0	0.0	0.0	-0.1	0.0	9500	3.462611291582711	52.440686982986925	0.06602909860250437
-0.1	0.0	0.0	0.0	-0.1	0.0	0.0	0.0	-0.1	0.0	9600	12.030963593014224	65.30673728752402	0.18422239561664
-0.1	0.0	0.0	0.0	-0.1	0.0	0.0	0.0	-0.1	0.0	9700	0.32507585988105014	77.70015611170024	0.004183722094634242
-0.1	0.0	0.0	0.0	-0.1	0.0	0.0	0.0	-0.1	0.0	9800	10.638841209144891	46.26728386392693	0.22994306820417534
-0.1	0.0	0.0	0.0	-0.1	0.0	0.0	0.0	-0.1	0.0	9900	2.4168262941561784	62.12931768002029	-0.03889993298499378
-0.1	0.0	0.0	0.0	-0.1	0.0	0.0	0.0	-0.1	0.0	10000	6.147121458124228	59.73024834933254	-0.10291471453747805
-0.1	0.0	0.0	0.0	-0.1	0.0	0.0	0.0	-0.1	0.0	10100	0.616959997674948	78.93116208735177	-0.007816431195985294
-0.1	0.0	0.0	0.0	-0.1	0.0	0.0	0.0	-0.1	0.0	10200	10.452598037611786	71.29661477536455	-0.1466072136881248
-0.1	0.0	0.0	0.0	-0.1	0.0	0.0	0.0	-0.1	0.0	10300	20.633661584729484	87.0527928203667	-0.23702469405326274
-0.1	0.0	0.0	0.0	-0.1	0.0	0.0	0.0	-0.1	0.0	10400	13.856532103422653	79.28796677320722	-0.17476210662656336
-0.1	0.0	0.0	0.0	-0.1	0.0	0.0	0.0	-0.1	0.0	10500	5.217662769728209	62.70809502894268	-0.08320556966879662
-0.1	0.0	0.0	0.0	-0.1	0.0	0.0	0.0	-0.1	0.0	10600	7.406309655973166	73.47466869177183	0.10080085814395204
-0.1	0.0	0.0	0.0	-0.1	0.0	0.0	0.0	-0.1	0.0	10700	6.590058025329383	45.918059176256776	-0.14351778240524934
-0.1	0.0	0.0	0.0	-0.1	0.0	0.0	0.0	-0.1	0.0	10800	10.323128404926395	99.48521493801347	0.10376545310133224
-0.1	0.0	0.0	0.0	-0.1	0.0	0.0	0.0	-0.1	0.0	10900	2.189201251162012	120.7218199502905	0.01813426315195925
-0.1	0.0	0.0	0.0	-0.1	0.0	0.0	0.0	-0.1	0.0	11000	25.70223287910063	158.7828175968279	0.16187036650503486
-0.1	0.0	0.0	0.0	-0.1	0.0	0.0	0.0	-0.1	0.0	11100	4.113538359476921	157.25636736825436	0.026158167254646435
-0.1	0.0	0.0	0.0	-0.1	0.0	0.0	0.0	-0.1	0.0	11200	19.667749543790976	186.5609335546435	-0.10542265826532388
-0.1	0.0	0.0	0.0	-0.1	0.0	0.0	0.0	-0.1	0.0	11300	8.237725142812023	277.4039612422168	0.02969577329005482
-0.1	0.0	0.0	0.0	-0.1	0.0	0.0	0.0	-0.1	0.0	11400	13.24234663305351	219.90051467544905	-0.0602197164140242
-0.1	0.0	0.0	0.0	-0.1	0.0	0.0	0.0	-0.1	0.0	11500	2.001901693030623	199.82111009421922	-0.01001846948046025
-0.1	0.0	0.0	0.0	-0.1	0.0	0.0	0.0	-0.1	0.0	11600	8.0392401311906	165.9454609558039	-0.04844507397121083
-0.1	0.0	0.0	0.0	-0.1	0.0	0.0	0.0	-0.1	0.0	11700	9.677124022855008	136.7870232850257	-0.07074592158271185
-0.1	0.0	0.0	0.0	-0.1	0.0	0.0	0.0	-0.1	0.0	11800	10.955171145323067	142.46833849384825	0.07689547910180836
-0.1	0.0	0.0	0.0	-0.1	0.0	0.0	0.0	-0.1	0.0	11900	0.851031390793592	155.75755585307752	-0.0054638209114962625
-0.1	0.0	0.0	0.0	-0.1	0.0	0.0	0.0	-0.1	0.0	12000	8.572581819765254	156.9989326780661	-0.054602803175380486
-0.1	0.0	0.0	0.0	-0.1	0.0	0.0	0.0	-0.1	0.0	12100	19.23284791262854	285.88765168653657	-0.06727414702652679
-0.1	0.0	0.0	0.0	-0.1	0.0	0.0	0.0	-0.1	0.0	12200	15.161263824040416	345.640767461152	0.0438642233536426
-0.1	0.0	0.0	0.0	-0.1	0.0	0.0	0.0	-0.1	0.0	12300	32.11380984306107	494.3023684856987	0.06496794652520504
-0.1	0.0	0.0	0.0	-0.1	0.0	0.0	0.0	-0.1	0.0	12400	5.871749659275536	498.8249872825517	-0.011771161848292844
-0.1	0.0	0.0	0.0	-0.1	0.0	0.0	0.0	-0.1	0.0	12500	20.260638721402195	430.7105958277586	-0.047040028542749
-0.1	0.0	0.0	0.0	-0.1	0.0	0.0	0.0	-0.1	0.0	12600	45.51888914914135	531.069633237793	-0.08571171518812808
-0.1	0.0	0.0	0.0	-0.1	0.0	0.0	0.0	-0.1	0.0	12700	2.1187524641937774	660.1846489672062	-0.0032093331274944924
-0.1	0.0	0.0	0.0	-0.1	0.0	0.0	0.0	-0.1	0.0	12800	99.2582574221114	696.8545060720012	-0.1424375627297095
-0.1	0.0	0.0	0.0	-0.1	0.0	0.0	0.0	-0.1	0.0	12900	23.316474949890956	689.9991376311826	-0.033792034914620496
-0.1	0.0	0.0	0.0	-0.1	0.0	0.0	0.0	-0.1	0.0	13000	5.08125852788868	810.7139906676797	0.006267633945362049
-0.1	0.0	0.0	0.0	-0.1	0.0	0.0	0.0	-0.1	0.0	13100	76.62571087503234	1017.3286627320728	-0.07532050720880235
-0.1	0.0	0.0	0.0	-0.1	0.0	0.0	0.0	-0.1	0.0	13200	116.93637851011196	1831.909148412707	-0.06383306650956667
-0.1	0.0	0.0	0.0	-0.1	0.0	0.0	0.0	-0.1	0.0	13300	90.09585127535084	1779.8292561123574	0.050620502481314
-0.1	0.0	0.0	0.0	-0.1	0.0	0.0	0.0	-0.1	0.0	13400	155.70794054059888	1963.4749636777144	-0.07930222866144825
-0.1	0.0	0.0	0.0	-0.1	0.0	0.0	0.0	-0.1	0.0	13500	24.921253508813198	2241.8321030698526	-0.011116467408369825
-0.1	0.0	0.0	0.0	-0.1	0.0	0.0	0.0	-0.1	0.0	13600	20.9981085362684	2459.310242405687	-0.008538210500732977
-0.1	0.0	0.0	0.0	-0.1	0.0	0.0	0.0	-0.1	0.0	13700	70.53071724588187	2934.193418586366	0.024037514636598877
-0.1	0.0	0.0	0.0	-0.1	0.0	0.0	0.0	-0.1	0.0	13800	88.27867559676609	3099.0009108505355	-0.0284861728461182
-0.1	0.0	0.0	0.0	-0.1	0.0	0.0	0.0	-0.1	0.0	13900	5.034634752127909	3489.5573081280822	-0.0014427717637423352
-0.1	0.0	0.0	0.0	-0.1	0.0	0.0	0.0	-0.1	0.0	14000	182.34286077698795	4115.96330936364	0.04430138149243599
-0.1	0.0	0.0	0.0	-0.1	0.0	0.0	0.0	-0.1	0.0	14100	102.05795210853795	4971.351491667908	-0.02052921670889481
-0.1	0.0	0.0	0.0	-0.1	0.0	0.0	0.0	-0.1	0.0	14200	64.3436816648777	5274.562678592561	-0.012198865685305852
-0.1	0.0	0.0	0.0	-0.1	0.0	0.0	0.0	-0.1	0.0	14300	102.8701950051958	5891.024704923019	0.017462190392654287
-0.1	0.0	0.0	0.0	-0.1	0.0	0.0	0.0	-0.1	0.0	14400	218.97220589873615	6591.945925651315	0.03321814352976518
-0.1	0.0	0.0	0.0	-0.1	0.0	0.0	0.0	-0.1	0.0	14500	243.27124930223417	7019.867702495127	0.034654677212188255
-0.1	0.0	0.0	0.0	-0.1	0.0	0.0	0.0	-0.1	0.0	14600	328.9478303933311	8506.314823999146	0.03867101526330295
-0.1	0.0	0.0	0.0	-0.1	0.0	0.0	0.0	-0.1	0.0	14700	565.2228384296611	10829.669294509764	0.052192068202508074
-0.1	0.0	0.0	0.0	-0.1	0.0	0.0	0.0	-0.1	0.0	14800	1031.7404253295754	14115.293432917271	0.07309379930590228
-0.1	0.0	0.0	0.0	-0.1	0.0	0.0	0.0	-0.1	0.0	14900	597.2949581045552	16696.47693192913	0.035773712055525424
-0.1	0.0	0.0	0.0	-0.1	0.0	0.0	0.0	-0.1	0.0	15000	722.2698019395806	18587.04775333012	0.038858769371277704
-0.1	0.0	0.0	0.0	-0.1	0.0	0.0	0.0	-0.1	0.0	15100	146.12563198738715	20335.83213644923	-0.00718562343586013
-0.1	0.0	0.0	0.0	-0.1	0.0	0.0	0.0	-0.1	0.0	15200	408.90994872782875	24718.810235238838	0.01654246077527193
-0.1	0.0	0.0	0.0	-0.1	0.0	0.0	0.0	-0.1	0.0	15300	198.4901227624566	28308.636925264404	0.007011645360618248
-0.1	0.0	0.0	0.0	-0.1	0.0	0.0	0.0	-0.1	0.0	15400	602.2883653454459	31630.754162350982	-0.019041226846950407
-0.1	0.0	0.0	0.0	-0.1	0.0	0.0	0.0	-0.1	0.0	15500	1241.727898401887	36723.0568657023	-0.033813304348353564
-0.1	0.0	0.0	0.0	-0.1	0.0	0.0	0.0	-0.1	0.0	15600	1723.2896313507945	43233.432005821895	-0.03986011638212606
-0.1	0.0	0.0	0.0	-0.1	0.0	0.0	0.0	-0.1	0.0	15700	1378.9943617588876	49430.76106621097	-0.027897494030321875
-0.1	0.0	0.0	0.0	-0.1	0.0	0.0	0.0	-0.1	0.0	15800	590.3445242805941	56622.13475495122	-0.01042603792378161
-0.1	0.0	0.0	0.0	-0.1	0.0	0.0	0.0	-0.1	0.0	15900	670.9778823599693	61473.30951588931	0.010914946464473956
-0.1	0.0	0.0	0.0	-0.1	0.0	0.0	0.0	-0.1	0.0	16000	55.962257103306825	67289.54899611772	0.000831663429733131
-0.1	0.0	0.0	0.0	-0.1	0.0	0.0	0.0	-0.1	0.0	16100	121.96366396558363	78112.57219853827	-0.001561383277145058
-0.1	0.0	0.0	0.0	-0.1	0.0	0.0	0.0	-0.1	0.0	16200	374.41756156683186	87625.22107691543	-0.004272942846422911
-0.1	0.0	0.0	0.0	-0.1	0.0	0.0	0.0	-0.1	0.0	16300	463.9480546933023	99317.30530675041	-0.004671371753999539
-0.1	0.0	0.0	0.0	-0.1	0.0	0.0	0.0	-0.1	0.0	16400	520.1409752067617	109678.6927566001	0.004742406771396
-0.1	0.0	0.0	0.0	-0.1	0.0	0.0	0.0	-0.1	0.0	16500	456.40396828024257	118102.58411180705	0.003864470635529596
-0.1	0.0	0.0	0.0	-0.1	0.0	0.0	0.0	-0.1	0.0	16600	1916.595549432743	124883.59787868129	-0.01534705583430282
-0.1	0.0	0.0	0.0	-0.1	0.0	0.0	0.0	-0.1	0.0	16700	5112.077479877816	129655.87362071204	-0.03942804392211646
-0.1	0.0	0.0	0.0	-0.1	0.0	0.0	0.0	-0.1	0.0	16800	5685.635380655248	141271.77238912723	-0.04024608231709871
-0.1	0.0	0.0	0.0	-0.1	0.0	0.0	0.0	-0.1	0.0	16900	5914.122903435871	153541.75254140035	-0.03851801093543733
-0.1	0.0	0.0	0.0	-0.1	0.0	0.0	0.0	-0.1	0.0	17000	6569.154154673785	165658.05641422508	-0.03965490297826343
-0.1	0.0	0.0	0.0	-0.1	0.0	0.0	0.0	-0.1	0.0	17100	5737.177904698639	181618.6394140215	-0.03158914703473829
-0.1	0.0	0.0	0.0	-0.1	0.0	0.0	0.0	-0.1	0.0	17200	5713.4328364734565	195008.6680556133	-0.029298353213940618
-0.1	0.0	0.0	0.0	-0.1	0.0	0.0	0.0	-0.1	0.0	17300	7329.294449447551	210612.8311858117	-0.03479984770244759
-0.1	0.0	0.0	0.0	-0.1	0.0	0.0	0.0	-0.1	0.0	17400	8786.74514284456	226280.01350852032	-0.03883129140132257
-0.1	0.0	0.0	0.0	-0.1	0.0	0.0	0.0	-0.1	0.0	17500	9620.278893863178	241096.6353245031	-0.03990216985365557
-0.1	0.0	0.0	0.0	-0.1	0.0	0.0	0.0	-0.1	0.0	17600	10201.015626151458	256663.05492639166	-0.039744776002440266
-0.1	0.0	0.0	0.0	-0.1	0.0	0.0	0.0	-0.1	0.0	17700	9403.787775186665	272954.62019264494	-0.03445183587128767
-0.1	0.0	0.0	0.0	-0.1	0.0	0.0	0.0	-0.1	0.0	17800	9032.467602525358	294263.76632463525	-0.03069514033392964
-0.1	0.0	0.0	0.0	-0.1	0.0	0.0	0.0	-0.1	0.0	17900	9667.701535486056	313637.23153356824	-0.030824470322654705
-0.1	0.0	0.0	0.0	-0.1	0.0	0.0	0.0	-0.1	0.0	18000	11237.621187939827	333413.9568829059	-0.03370471138341233
-0.1	0.0	0.0	0.0	-0.1	0.0	0.0	0.0	-0.1	0.0	18100	12872.307341260901	352930.74926141166	-0.036472615005065864
-0.1	0.0	0.0	0.0	-0.1	0.0	0.0	0.0	-0.1	0.0	18200	13421.781709260707	373821.71928636037	-0.03590423192874772
-0.1	0.0	0.0	0.0	-0.1	0.0	0.0	0.0	-0.1	0.0	18300	16990.547554754234	395571.51314340276	-0.04295189868385394
-0.1	0.0	0.0	0.0	-0.1	0.0	0.0	0.0	-0.1	0.0	18400	14609.754364898323	417792.6892872559	-0.034968908598717235
-0.1	0.0	0.0	0.0	-0.1	0.0	0.0	0.0	-0.1	0.0	18500	14777.838203938356	440086.4089837085	-0.033579401459056225
-0.1	0.0	0.0	0.0	-0.1	0.0	0.0	0.0	-0.1	0.0	18600	14741.752491975385	461682.921660802	-0.031930469593601594
-0.1	0.0	0.0	0.0	-0.1	0.0	0.0	0.0	-0.1	0.0	18700	14201.625686609706	486055.6148950597	-0.029218108486774426
-0.1	0.0	0.0	0.0	-0.1	0.0	0.0	0.0	-0.1	0.0	18800	13405.22394521081	508788.7291414262	-0.026347328817271434
-0.1	0.0	0.0	0.0	-0.1	0.0	0.0	0.0	-0.1	0.0	18900	12625.98048829114	531400.0364349857	-0.02375984121678898
-0.1	0.0	0.0	0.0	-0.1	0.0	0.0	0.0	-0.1	0.0	19000	13615.861431667636	554909.6752312174	-0.024537077004458854
-0.1	0.0	0.0	0.0	-0.1	0.0	0.0	0.0	-0.1	0.0	19100	12343.508017211832	582385.6258132921	-0.02119473330059327
-0.1	0.0	0.0	0.0	-0.1	0.0	0.0	0.0	-0.1	0.0	19200	13676.064976975402	610558.0267674288	-0.02239928782753491
-0.1	0.0	0.0	0.0	-0.1	0.0	0.0	0.0	-0.1	0.0	19300	14481.140391094039	639352.5812831828	-0.022649694104668102
-0.1	0.0	0.0	0.0	-0.1	0.0	0.0	0.0	-0.1	0.0	19400	14772.09984129881	664653.0358963653	-0.02222528002354919
-0.1	0.0	0.0	0.0	-0.1	0.0	0.0	0.0	-0.1	0.0	19500	14164.92432939528	689500.281823799	-0.020543754227231932
-0.1	0.0	0.0	0.0	-0.1	0.0	0.0	0.0	-0.1	0.0	19600	13037.669823253524	709907.2443078432	-0.018365314522131974
-0.1	0.0	0.0	0.0	-0.1	0.0	0.0	0.0	-0.1	0.0	19700	9622.70052818633	732896.964015545	-0.013129677158796675
-0.1	0.0	0.0	0.0	-0.1	0.0	0.0	0.0	-0.1	0.0	19800	9903.684844866297	760829.1050734736	-0.013016963702919715
0.0	0.0	0.1	0.0	0.0	0.0	0.0	0.0	0.0	0.001007584157447966	19900	14667.03903064881	769572.172817564	-0.019058692022282622
0.0	0.0	0.1	0.0	0.0	0.0	0.0	0.0	0.0	0.0023691843702154866	20000	21113.435464703296	769681.1104712967	-0.02743140656235537
0.0	0.0	0.1	0.0	0.0	0.0	0.0	0.0	0.0	0.003730784582983022	20100	27551.755343880403	769755.5969187124	-0.03579286133698605
0.0	0.0	0.1	0.0	0.0	0.0	0.0	0.0	0.0	0.0050923847957505194	20200	34034.244173052924	769850.0184400216	-0.04420892817800784
0.0	0.0	0.1	0.0	0.0	0.0	0.0	0.0	0.0	0.006453985008518012	20300	40487.572069021546	769961.7798111849	-0.05258387251241247
0.0	0.0	0.1	0.0	0.0	0.0	0.0	0.0	0.0	0.007815585221285504	20400	46901.28999724412	770103.2798102198	-0.06090259738771952
0.0	0.0	0.1	0.0	0.0	0.0	0.0	0.0	0.0	0.009177185434053083	20500	53284.57473045382	770248.1202921069	-0.06917845474292923
0.0	0.0	0.1	0.0	0.0	0.0	0.0	0.0	0.0	0.010538785646820661	20600	59676.004067239315	770406.208329179	-0.07746044024834879
0.0	0.0	0.1	0.0	0.0	0.0	0.0	0.0	0.0	0.01190038585958824	20700	66031.98228793655	770560.5786238947	-0.08569343426036631
0.0	0.0	0.1	0.0	0.0	0.0	0.0	0.0	0.0	0.01326198607235582	20800	72337.36672749514	770709.7482691873	-0.0938581182993286
0.0	0.0	0.1	0.0	0.0	0.0	0.0	0.0	0.0	0.014623586285123398	20900	78616.2447208312	770860.3321027316	-0.10198506972901818
0.0	0.0	0.1	0.0	0.0	0.0	0.0	0.0	0.0	0.015985186497890932	21000	84862.78079450408	770997.9175270664	-0.1100687548764033
0.0	0.0	0.1	0.0	0.0	0.0	0.0	0.0	0.0	0.017346786710658337	21100	91077.52576751783	771170.8343191716	-0.11810291794544545
0.0	0.0	0.1	0.0	0.0	0.0	0.0	0.0	0.0	0.018708386923425743	21200	97244.9327925446	771357.6785945402	-0.12606983179285994
0.0	0.0	0.1	0.0	0.0	0.0	0.0	0.0	0.0	0.020069987136193148	21300	103387.35799699445	771587.061775246	-0.1339931203085802
0.0	0.0	0.1	0.0	0.0	0.0	0.0	0.0	0.0	0.021431587348960553	21400	109501.31732101514	771831.5056770472	-0.14187204916565446
0.0	0.0	0.1	0.0	0.0	0.0	0.0	0.0	0.0	0.02279318756172796	21500	115588.45590126788	772121.5670064724	-0.14970240547664815
0.0	0.0	0.1	0.0	0.0	0.0	0.0	0.0	0.0	0.024154787774495364	21600	121610.67668776904	772457.8072906836	-0.15743342295200044
0.0	0.0	0.1	0.0	0.0	0.0	0.0	0.0	0.0	0.02551638798726277	21700	127606.59734954021	772801.8242202479	-0.16512201880254934
0.0	0.0	0.1	0.0	0.0	0.0	0.0	0.0	0.0	0.026877988200030175	21800	133584.56247849457	773181.1438595644	-0.17277265947235515
0.0	0.0	0.1	0.0	0.0	0.0	0.0	0.0	0.0	0.02823958841279758	21900	139567.2983907767	773571.9410443268	-0.18041928744514701
0.0	0.0	0.1	0.0	0.0	0.0	0.0	0.0	0.0	0.029601188625564986	22000	145500.684506683	773979.2580650016	-0.18799041833555613
0.0	0.0	0.1	0.0	0.0	0.0	0.0	0.0	0.0	0.03096278883833239	22100	151276.77002321757	774470.2214521179	-0.1953293565497926
0.0	0.0	0.1	0.0	0.0	0.0	0.0	0.0	0.0	0.0323243890510998	22200	156985.07487117365	774981.4303731769	-0.20256624058150735
0.0	0.0	0.1	0.0	0.0	0.0	0.0	0.0	0.0	0.033685989263867205	22300	162635.10580908644	775519.140229075	-0.20971127258193373
0.0	0.0	0.1	0.0	0.0	0.0	0.0	0.0	0.0	0.03504758947663461	22400	168251.17802564424	776094.4005823352	-0.21679215556689824
0.0	0.0	0.1	0.0	0.0	0.0	0.0	0.0	0.0	0.036409189689402016	22500	173851.6062966101	776698.4706640878	-0.22383410404808007
0.0	0.0	0.1	0.0	0.0	0.0	0.0	0.0	0.0	0.03777078990216942	22600	179426.69687914173	777296.7439859202	-0.23083423192930785
0.0	0.0	0.1	0.0	0.0	0.0	0.0	0.0	0.0	0.03913239011493683	22700	184935.80255717036	777893.6760766384	-0.23773917727408084
0.0	0.0	0.1	0.0	0.0	0.0	0.0	0.0	0.0	0.04049399032770423	22800	190404.54546037852	778564.8844461591	-0.24455835250754332
0.0	0.0	0.1	0.0	0.0	0.0	0.0	0.0	0.0	0.04185559054047164	22900	195817.23611473123	779279.5653764093	-0.2512798292357983
0.0	0.0	0.1	0.0	0.0	0.0	0.0	0.0	0.0	0.04321719075323904	23000	201195.21960920162	780032.7318605997	-0.25793176541360496
0.0	0.0	0.1	0.0	0.0	0.0	0.0	0.0	0.0	0.04457879096600645	23100	206532.09142352553	780793.2785972207	-0.26451571380658234
0.0	0.0	0.1	0.0	0.0	0.0	0.0	0.0	0.0	0.045940391178773854	23200	211837.6255156779	781575.5356168774	-0.27103922252182566
0.0	0.0	0.1	0.0	0.0	0.0	0.0	0.0	0.0	0.04730199139154126	23300	217094.44932235655	782388.3645721261	-0.27747658215888926
0.0	0.0	0.1	0.0	0.0	0.0	0.0	0.0	0.0	0.048663591604308665	23400	222295.93813319362	783289.7999512277	-0.28379782061126685
0.0	0.0	0.1	0.0	0.0	0.0	0.0	0.0	0.0	0.05002519181707607	23500	227443.49438541068	784217.2494407824	-0.290026130574912
0.0	0.0	0.1	0.0	0.0	0.0	0.0	0.0	0.0	0.051386792029843475	23600	232531.93278202644	785134.4786415885	-0.29616828595318456
0.0	0.0	0.1	0.0	0.0	0.0	0.0	0.0	0.0	0.05274839224261088	23700	237581.32135602762	786037.9825175246	-0.30225170620267167
0.0	0.0	0.1	0.0	0.0	0.0	0.0	0.0	0.0	0.054109992455378286	23800	242587.36193755598	786976.1104702115	-0.3082525107307414
0.0	0.0	0.1	0.0	0.0	0.0	0.0	0.0	0.0	0.05547159266814569	23900	247550.22356949258	787927.3746469298	-0.31417898595085597
0.0	0.0	0.1	0.0	0.0	0.0	0.0	0.0	0.0	0.0568331928809131	24000	252469.23736292945	788890.379477709	-0.32003082295169916
0.0	0.0	0.1	0.0	0.0	0.0	0.0	0.0	0.0	0.0581947930936805	24100	257328.16814017826	789866.0828066661	-0.3257870843444786
0.0	0.0	0.1	0.0	0.0	0.0	0.0	0.0	0.0	0.05955639330644791	24200	262084.6449544137	790877.8903454667	-0.33138446295411217
0.0	0.0	0.1	0.0	0.0	0.0	0.0	0.0	0.0	0.06091799351921531	24300	266810.7228134776	791895.1508701182	-0.3369268299222586
0.0	0.0	0.1	0.0	0.0	0.0	0.0	0.0	0.0	0.06227959373198272	24400	271455.1270791539	792895.8326440043	-0.34235912953906555
0.0	0.0	0.1	0.0	0.0	0.0	0.0	0.0	0.0	0.0636411939447507	24500	275898.900525316	793816.163964089	-0.3475601947276514
0.0	0.0	0.1	0.0	0.0	0.0	0.0	0.0	0.0	0.0650027941575188	24600	280426.5192152109	794827.7298447487	-0.3528142120431377
0.0	0.0	0.1	0.0	0.0	0.0	0.0	0.0	0.0	0.0663643943702869	24700	284828.37299300556	795839.4528833972	-0.35789677423134403
0.0	0.0	0.1	0.0	0.0	0.0	0.0	0.0	0.0	0.067725994583055	24800	289194.6385736846	796883.4697350404	-0.3629070617688184
0.0	0.0	0.1	0.0	0.0	0.0	0.0	0.0	0.0	0.0690875947958231	24900	293488.2169668445	797979.1326773831	-0.3677893380270879
0.0	0.0	0.1	0.0	0.0	0.0	0.0	0.0	0.0	0.0704491950085912	25000	297731.21254894126	799090.2488513269	-0.37258771831707715
0.0	0.0	0.1	0.0	0.0	0.0	0.0	0.0	0.0	0.0718107952213593	25100	301908.7367591263	800189.407715213	-0.37729659234201646
0.0	0.0	0.1	0.0	0.0	0.0	0.0	0.0	0.0	0.0731723954341274	25200	305971.15269131353	801323.5366741879	-0.3818322296649563
0.0	0.0	0.1	0.0	0.0	0.0	0.0	0.0	0.0	0.0745339956468955	25300	309923.8028827635	802481.462431631	-0.3862068065019858
0.0	0.0	0.1	0.0	0.0	0.0	0.0	0.0	0.0	0.0758955958596636	25400	313864.12354700075	803655.4911417523	-0.3905456094141712
0.0	0.0	0.1	0.0	0.0	0.0	0.0	0.0	0.0	0.0772571960724317	25500	317751.0020665398	804843.8713168168	-0.39479831230703505
0.0	0.0	0.1	0.0	0.0	0.0	0.0	0.0	0.0	0.0786187962851998	25600	321618.03538445826	806052.6363515262	-0.39900376337730625
0.0	0.0	0.1	0.0	0.0	0.0	0.0	0.0	0.0	0.0799803964979679	25700	325434.20130884164	807267.8195775901	-0.40313040284341806
0.0	0.0	0.1	0.0	0.0	0.0	0.0	0.0	0.0	0.081341996710736	25800	329189.1499225342	808516.8694235494	-0.40715186333370773
0.0	0.0	0.1	0.0	0.0	0.0	0.0	0.0	0.0	0.0827035969235041	25900	332948.8922703071	809759.5975839936	-0.4111700475841183
0.0	0.0	0.1	0.0	0.0	0.0	0.0	0.0	0.0	0.0840651971362722	26000	336711.6034186969	810993.8854688857	-0.4151838989809684
0.0	0.0	0.1	0.0	0.0	0.0	0.0	0.0	0.0	0.0854267973490403	26100	340410.98364859784	812250.034301048	-0.41909629950527
0.0	0.0	0.1	0.0	0.0	0.0	0.0	0.0	0.0	0.0867883975618084	26200	344019.0881457021	813538.3324510694	-0.42286770570382837
0.0	0.0	0.1	0.0	0.0	0.0	0.0	0.0	0.0	0.0881499977745765	26300	347546.63353592355	814843.0348417957	-0.4265197328506352
0.0	0.0	0.1	0.0	0.0	0.0	0.0	0.0	0.0	0.0895115979873446	26400	350995.1867822568	816115.8647375273	-0.43008009272695746
0.0	0.0	0.1	0.0	0.0	0.0	0.0	0.0	0.0	0.09087319820011269	26500	354435.16819660726	817430.6856295875	-0.433596602657044
0.0	0.0	0.1	0.0	0.0	0.0	0.0	0.0	0.0	0.09223479841288079	26600	357886.88156272925	818794.5841729983	-0.4370899471986657
0.0	0.0	0.1	0.0	0.0	0.0	0.0	0.0	0.0	0.09359639862564889	26700	361301.8709355502	820195.1123023374	-0.44050722263066644
0.0	0.0	0.1	0.0	0.0	0.0	0.0	0.0	0.0	0.09495799883841699	26800	364672.0721635369	821613.4385489866	-0.44384871893961153
0.0	0.0	0.1	0.0	0.0	0.0	0.0	0.0	0.0	0.09631959905118509	26900	367988.20289541443	823019.3577533022	-0.44711974199483884
0.0	0.0	0.1	0.0	0.0	0.0	0.0	0.0	0.0	0.09768119926395319	27000	371255.8191546048	824455.5597151042	-0.45030422171316864
0.0	0.0	0.1	0.0	0.0	0.0	0.0	0.0	0.0	0.09904279947672129	27100	374452.5415554263	825863.1238933519	-0.45340750872874835
0.0	0.0	0.1	0.0	0.0	0.0	0.0	0.0	0.0	0.10040439968948939	27200	377582.1796373824	827316.5231234912	-0.45639385783308206
0.0	0.0	0.1	0.0	0.0	0.0	0.0	0.0	0.0	0.10176599990225749	27300	380656.0762436165	828864.185893022	-0.459250239933453
0.0	0.0	0.1	0.0	0.0	0.0	0.0	0.0	0.0	0.10312760011502559	27400	383649.15238111786	830384.5893006367	-0.4620138154348859
0.0	0.0	0.1	0.0	0.0	0.0	0.0	0.0	0.0	0.10448920032779369	27500	386571.90487337887	831954.6769163231	-0.46465500537388016
0.0	0.0	0.1	0.0	0.0	0.0	0.0	0.0	0.0	0.10585080054056178	27600	389482.43308645335	833501.7419033741	-0.4672844860492267
0.0	0.0	0.1	0.0	0.0	0.0	0.0	0.0	0.0	0.10721240075332988	27700	392356.167375593	835092.6948541257	-0.46983546831783735
0.0	0.0	0.1	0.0	0.0	0.0	0.0	0.0	0.0	0.10857400096609798	27800	395187.17538537516	836666.3747699	-0.4723354341735791
0.0	0.0	0.1	0.0	0.0	0.0	0.0	0.0	0.0	0.10993560117886608	27900	397971.3097668303	838202.092838702	-0.47479159640253155
0.0	0.0	0.1	0.0	0.0	0.0	0.0	0.0	0.0	0.11129720139163418	28000	400755.82475919044	839730.061362945	-0.47724363244628115
0.0	0.0	0.1	0.0	0.0	0.0	0.0	0.0	0.0	0.11265880160440228	28100	403520.29942389496	841200.1220601246	-0.479695959191805
0.0	0.0	0.1	0.0	0.0	0.0	0.0	0.0	0.0	0.11402040181717038	28200	406184.2449409914	842687.672367766	-0.4820104271843724
0.0	0.0	0.1	0.0	0.0	0.0	0.0	0.0	0.0	0.11538200202993848	28300	408728.827510613	844157.2313905732	-0.4841856615234077
0.0	0.0	0.1	0.0	0.0	0.0	0.0	0.0	0.0	0.11674360224270658	28400	411288.99543957965	845615.8006238705	-0.486378086994286
0.0	0.0	0.1	0.0	0.0	0.0	0.0	0.0	0.0	0.11810520245547468	28500	413779.03649077	847084.8915421879	-0.4884741076392605
0.0	0.0	0.1	0.0	0.0	0.0	0.0	0.0	0.0	0.11946680266824278	28600	416276.74597954564	848606.680397315	-0.49054144351614837
0.0	0.0	0.1	0.0	0.0	0.0	0.0	0.0	0.0	0.12082840288101088	28700	418724.8168730884	850067.9562933136	-0.49257805069952376
0.0	0.0	0.1	0.0	0.0	0.0	0.0	0.0	0.0	0.12219000309377898	28800	421100.7692110884	851510.2462839916	-0.4945340012627927
0.0	0.0	0.1	0.0	0.0	0.0	0.0	0.0	0.0	0.12355160330654708	28900	423543.70765092113	853031.1334254357	-0.49651611887849517
0.0	0.0	0.1	0.0	0.0	0.0	0.0	0.0	0.0	0.12491320351931517	29000	425960.0728434953	854583.1845649951	-0.4984419077474827
0.0	0.0	0.1	0.0	0.0	0.0	0.0	0.0	0.0	0.12627480373208327	29100	428364.35557195696	856116.0659168372	-0.5003578050053415
0.0	0.0	0.1	0.0	0.0	0.0	0.0	0.0	0.0	0.12763640394485137	29200	430720.95951536886	857662.707778361	-0.5022032036709199
0.0	0.0	0.1	0.0	0.0	0.0	0.0	0.0	0.0	0.12899800415761947	29300	433168.72098815057	859264.166339275	-0.5041158911974419
0.0	0.0	0.1	0.0	0.0	0.0	0.0	0.0	0.0	0.13035960437038757	29400	435541.50417856674	860880.325392267	-0.5059257266451161
0.0	0.0	0.1	0.0	0.0	0.0	0.0	0.0	0.0	0.13172120458315567	29500	437858.9329948145	862472.1988933949	-0.5076788951071287
0.0	0.0	0.1	0.0	0.0	0.0	0.0	0.0	0.0	0.13308280479592377	29600	440185.8662243113	864085.6414288419	-0.5094238870772405
0.0	0.0	0.1	0.0	0.0	0.0	0.0	0.0	0.0	0.13444440500869187	29700	442429.5349492741	865679.6415379305	-0.5110776709075336
0.0	0.0	0.1	0.0	0.0	0.0	0.0	0.0	0.0	0.13580600522145997	29800	444604.84090376046	867236.916689351	-0.5126682597888305
0.0	0.0	0.1	0.0	0.0	0.0	0.0	0.0	0.0	0.13716760543422807	29900	446696.9379411971	868821.5572055045	-0.514141176903992
0.0	0.0	0.1	0.0	0.0	0.0	0.0	0.0	0.0	0.13852920564699617	30000	448774.1519459494	870383.8382924275	-0.5156048770693883
0.0	0.0	0.1	0.0	0.0	0.0	0.0	0.0	0.0	0.13989080585976427	30100	450875.33470985474	871918.933497017	-0.517106943533756
0.0	0.0	0.1	0.0	0.0	0.0	0.0	0.0	0.0	0.14125240607253237	30200	452952.2829749207	873432.1349046093	-0.5185889834753896
0.0	0.0	0.1	0.0	0.0	0.0	0.0	0.0	0.0	0.14261400628530047	30300	454968.40259542066	874941.2743880086	-0.5199987883914328
0.0	0.0	0.1	0.0	0.0	0.0	0.0	0.0	0.0	0.14397560649806856	30400	456928.8220633297	876458.237761411	-0.5213355324611766
0.0	0.0	0.1	0.0	0.0	0.0	0.0	0.0	0.0	0.14533720671083666	30500	458905.37948815	878002.2393065494	-0.5226699419930817
0.0	0.0	0.1	0.0	0.0	0.0	0.0	0.0	0.0	0.14669880692360476	30600	460844.65921536094	879564.1525071843	-0.5239466136742047
0.0	0.0	0.1	0.0	0.0	0.0	0.0	0.0	0.0	0.14806040713637286	30700	462733.61273118126	881153.6103051133	-0.5251452270290903
0.0	0.0	0.1	0.0	0.0	0.0	0.0	0.0	0.0	0.14942200734914096	30800	464625.20446127985	882749.2089236869	-0.5263388511305326
0.0	0.0	0.1	0.0	0.0	0.0	0.0	0.0	0.0	0.15078360756190906	30900	466516.07947205694	884358.4170450291	-0.527519239349653
0.0	0.0	0.1	0.0	0.0	0.0	0.0	0.0	0.0	0.15214520777467716	31000	468306.38481934427	885955.5255395293	-0.5285890446184136
0.0	0.0	0.1	0.0	0.0	0.0	0.0	0.0	0.0	0.15350680798744526	31100	470071.27685798414	887530.2781325877	-0.5296397074441672
0.0	0.0	0.1	0.0	0.0	0.0	0.0	0.0	0.0	0.15486840820021336	31200	471814.487518967	889143.3293785339	-0.5306394052899677
0.0	0.0	0.1	0.0	0.0	0.0	0.0	0.0	0.0	0.15623000841298146	31300	473539.7209299096	890685.6218811604	-0.5316575335860666
0.0	0.0	0.1	0.0	0.0	0.0	0.0	0.0	0.0	0.15759160862574956	31400	475228.43636121205	892195.2619584717	-0.5326507062120356
0.0	0.0	0.1	0.0	0.0	0.0	0.0	0.0	0.0	0.15895320883851766	31500	476895.49272905884	893698.0298681149	-0.5336203916656674
0.0	0.0	0.1	0.0	0.0	0.0	0.0	0.0	0.0	0.16031480905128576	31600	478528.07896728464	895238.8447984463	-0.5345255981101001
0.0	0.0	0.1	0.0	0.0	0.0	0.0	0.0	0.0	0.16167640926405386	31700	480113.69809020136	896712.3738746705	-0.5354154933935424
0.0	0.0	0.1	0.0	0.0	0.0	0.0	0.0	0.0	0.16303800947682195	31800	481653.6253750683	898193.6660681778	-0.5362469627329883
0.0	0.0	0.1	0.0	0.0	0.0	0.0	0.0	0.0	0.16439960968959005	31900	483173.06515800295	899650.1506876401	-0.5370677310382194
0.0	0.0	0.1	0.0	0.0	0.0	0.0	0.0	0.0	0.16576120990235815	32000	484667.14191403077	901116.6427446315	-0.5378517263179448
0.0	0.0	0.1	0.0	0.0	0.0	0.0	0.0	0.0	0.16712281011512625	32100	486127.7844608327	902630.8291202189	-0.5385676721618897
0.0	0.0	0.1	0.0	0.0	0.0	0.0	0.0	0.0	0.16848441032789435	32200	487522.2078733626	904107.0667649346	-0.5392306130487498
0.0	0.0	0.1	0.0	0.0	0.0	0.0	0.0	0.0	0.16984601054066245	32300	488896.0587410106	905591.9639221204	-0.5398635127277421
0.0	0.0	0.1	0.0	0.0	0.0	0.0	0.0	0.0	0.17120761075343055	32400	490208.2437819798	907026.7195464623	-0.5404562326753694
0.0	0.0	0.1	0.0	0.0	0.0	0.0	0.0	0.0	0.17256921096619865	32500	491451.25681847613	908422.1144158087	-0.5409943780755716
0.0	0.0	0.1	0.0	0.0	0.0	0.0	0.0	0.0	0.17393081117896675	32600	492547.7589148164	909788.6152691175	-0.5413870328209368
0.0	0.0	0.1	0.0	0.0	0.0	0.0	0.0	0.0	0.17529241139173485	32700	493693.6781987692	911204.7412746825	-0.5418032367875326
0.0	0.0	0.1	0.0	0.0	0.0	0.0	0.0	0.0	0.17665401160450295	32800	494907.48886485194	912668.8236742659	-0.5422640458698147
0.0	0.0	0.1	0.0	0.0	0.0	0.0	0.0	0.0	0.17801561181727105	32900	496024.77354713506	914050.0515598588	-0.5426669717929026
0.0	0.0	0.1	0.0	0.0	0.0	0.0	0.0	0.0	0.17937721203003915	33000	497034.90441574866	915372.5911631744	-0.5429864398541372
0.0	0.0	0.1	0.0	0.0	0.0	0.0	0.0	0.0	0.18073881224280725	33100	498027.62460130337	916612.2996876591	-0.5433350880966894
0.0	0.0	0.1	0.0	0.0	0.0	0.0	0.0	0.0	0.18210041245557534	33200	499091.0021739057	917927.57624235	-0.543715010956525
0.0	0.0	0.1	0.0	0.0	0.0	0.0	0.0	0.0	0.18346201266834344	33300	500255.6343527144	919307.279953544	-0.5441658575552607
0.0	0.0	0.1	0.0	0.0	0.0	0.0	0.0	0.0	0.18482361288111154	33400	501322.86002088606	920600.7499439671	-0.5445605601031711
0.0	0.0	0.1	0.0	0.0	0.0	0.0	0.0	0.0	0.18618521309387964	33500	502264.01217260084	921901.4516774496	-0.5448131264558748
0.0	0.0	0.1	0.0	0.0	0.0	0.0	0.0	0.0	0.18754681330664774	33600	503277.8971763754	923253.0808753064	-0.5451136937439016
0.0	0.0	0.1	0.0	0.0	0.0	0.0	0.0	0.0	0.18890841351941584	33700	504241.2238777868	924490.5342204496	-0.5454260538243086
0.0	0.0	0.1	0.0	0.0	0.0	0.0	0.0	0.0	0.19027001373218394	33800	505164.4943130759	925703.4530507112	-0.545708771689547
0.0	0.0	0.1	0.0	0.0	0.0	0.0	0.0	0.0	0.19163161394495204	33900	506106.41699095914	926962.6303160066	-0.5459836248397896
0.0	0.0	0.1	0.0	0.0	0.0	0.0	0.0	0.0	0.19299321415772014	34000	507030.69076898333	928198.9615704305	-0.5462521633412865
0.0	0.0	0.1	0.0	0.0	0.0	0.0	0.0	0.0	0.19435481437048824	34100	507983.2043579407	929459.8257205242	-0.546535945181007
0.0	0.0	0.1	0.0	0.0	0.0	0.0	0.0	0.0	0.19571641458325634	34200	508849.61397958454	930722.3241090487	-0.5467254849255822
0.0	0.0	0.1	0.0	0.0	0.0	0.0	0.0	0.0	0.19707801479602444	34300	509595.9694631855	931915.0840305506	-0.5468266134926942
0.0	0.0	0.1	0.0	0.0	0.0	0.0	0.0	0.0	0.19843961500879254	34400	510301.6452998845	933156.8283514332	-0.5468551799609201
0.0	0.0	0.1	0.0	0.0	0.0	0.0	0.0	0.0	0.19980121522156064	34500	510994.8298250247	934354.1490048715	-0.5468963030444686
0.0	0.0	0.1	0.0	0.0	0.0	0.0	0.0	0.0	0.20116281543432873	34600	511612.2148405503	935543.8788318575	-0.54686073675065
0.0	0.0	0.1	0.0	0.0	0.0	0.0	0.0	0.0	0.20252441564709683	34700	512146.05186926224	936650.5025667864	-0.5467845802311353
0.0	0.0	0.1	0.0	0.0	0.0	0.0	0.0	0.0	0.20388601585986493	34800	512724.64994586725	937856.6811963875	-0.5466982964729795
0.0	0.0	0.1	0.0	0.0	0.0	0.0	0.0	0.0	0.20524761607263303	34900	513135.48814720835	939046.5822149778	-0.5464430602972316
0.0	0.0	0.1	0.0	0.0	0.0	0.0	0.0	0.0	0.20660921628540113	35000	513509.6182236583	940235.9401484136	-0.5461497442254784
0.0	0.0	0.1	0.0	0.0	0.0	0.0	0.0	0.0	0.20797081649816923	35100	513887.21927506814	941451.7754622585	-0.5458455044314366
0.0	0.0	0.1	0.0	0.0	0.0	0.0	0.0	0.0	0.20933241671093733	35200	514149.0076812479	942778.0131067145	-0.5453553228155847
0.0	0.0	0.1	0.0	0.0	0.0	0.0	0.0	0.0	0.21069401692370543	35300	514263.24736075045	944316.2312729863	-0.54458795722223
0.0	0.0	0.1	0.0	0.0	0.0	0.0	0.0	0.0	0.21205561713647353	35400	514098.0255259422	945884.3721972929	-0.5435104338722614
0.0	0.0	0.1	0.0	0.0	0.0	0.0	0.0	0.0	0.21341721734924163	35500	514042.610656271	947479.9506999501	-0.5425366629410178
0.0	0.0	0.1	0.0	0.0	0.0	0.0	0.0	0.0	0.21477881756200973	35600	513772.3063067029	949034.6269326342	-0.5413630775172678
0.0	0.0	0.1	0.0	0.0	0.0	0.0	0.0	0.0	0.21614041777477783	35700	513163.28822454775	950431.578459257	-0.5399265974058184
0.0	0.0	0.1	0.0	0.0	0.0	0.0	0.0	0.0	0.21750201798754593	35800	512641.29311446176	951899.5622757067	-0.5385455708046446
0.0	0.0	0.1	0.0	0.0	0.0	0.0	0.0	0.0	0.21886361820031403	35900	512489.1317474238	953587.8798180266	-0.5374325141855014
0.0	0.0	0.1	0.0	0.0	0.0	0.0	0.0	0.0	0.22022521841308212	36000	512113.665366989	955194.3184736428	-0.5361355856736286
0.0	0.0	0.1	0.0	0.0	0.0	0.0	0.0	0.0	0.22158681862585022	36100	511775.58852117625	956819.1628741724	-0.53487180062726
0.0	0.0	0.1	0.0	0.0	0.0	0.0	0.0	0.0	0.22294841883861832	36200	511464.2445609175	958348.0563896594	-0.5336936211753099
0.0	0.0	0.1	0.0	0.0	0.0	0.0	0.0	0.0	0.22431001905138642	36300	510740.73723252735	959896.5063174181	-0.5320789625456099
0.0	0.0	0.1	0.0	0.0	0.0	0.0	0.0	0.0	0.22567161926415452	36400	510470.4807489246	961605.9880490967	-0.5308520195309574
0.0	0.0	0.1	0.0	0.0	0.0	0.0	0.0	0.0	0.22703321947692262	36500	510399.2524291663	963335.5327091732	-0.529825003956595
0.0	0.0	0.1	0.0	0.0	0.0	0.0	0.0	0.0	0.22839481968969072	36600	510226.0785156443	965055.302907407	-0.5287013883851984
0.0	0.0	0.1	0.0	0.0	0.0	0.0	0.0	0.0	0.22975641990245882	36700	510128.82743494504	966745.8574478568	-0.5276762486282076
0.0	0.0	0.1	0.0	0.0	0.0	0.0	0.0	0.0	0.23111802011522692	36800	510074.46664559003	968423.8620083538	-0.5267058017217568
0.0	0.0	0.1	0.0	0.0	0.0	0.0	0.0	0.0	0.23247962032799502	36900	509754.9762787918	969953.7630678435	-0.52554564525478
0.0	0.0	0.1	0.0	0.0	0.0	0.0	0.0	0.0	0.23384122054076312	37000	509275.13538666035	971414.2695387835	-0.5242615342972659
0.0	0.0	0.1	0.0	0.0	0.0	0.0	0.0	0.0	0.23520282075353122	37100	509102.5096451375	972837.7036859068	-0.5233170010950848
0.0	0.0	0.1	0.0	0.0	0.0	0.0	0.0	0.0	0.23656442096629932	37200	508825.8053513672	974208.0509584337	-0.5222968593318238
0.0	0.0	0.1	0.0	0.0	0.0	0.0	0.0	0.0	0.23792602117906742	37300	508248.3630465243	975516.4863919207	-0.5210043808960619
0.0	0.0	0.1	0.0	0.0	0.0	0.0	0.0	0.0	0.23928762139183551	37400	507419.36433930055	976630.4354718057	-0.5195612853230082
0.0	0.0	0.1	0.0	0.0	0.0	0.0	0.0	0.0	0.2406492216046036	37500	506480.7368220386	977749.3325311696	-0.518006732370633
0.0	0.0	0.1	0.0	0.0	0.0	0.0	0.0	0.0	0.2420108218173717	37600	505534.2967163336	978855.3993416642	-0.5164545213280063
0.0	0.0	0.1	0.0	0.0	0.0	0.0	0.0	0.0	0.2433724220301398	37700	504543.52132724377	980105.7398470901	-0.5147847837376807
0.0	0.0	0.1	0.0	0.0	0.0	0.0	0.0	0.0	0.2447340222429079	37800	503483.9656065211	981372.4788569967	-0.513040640993854
0.0	0.0	0.1	0.0	0.0	0.0	0.0	0.0	0.0	0.246095622455676	37900	502223.68024979415	982663.5962319418	-0.5110840395182935
0.0	0.0	0.1	0.0	0.0	0.0	0.0	0.0	0.0	0.2474572226684441	38000	500622.00789780257	983991.6839931805	-0.5087665028490953
0.0	0.0	0.1	0.0	0.0	0.0	0.0	0.0	0.0	0.2488188228812122	38100	499348.8914358029	985289.8446658483	-0.5068040578507661
0.0	0.0	0.1	0.0	0.0	0.0	0.0	0.0	0.0	0.2501804230939803	38200	498365.0771239305	986652.1488237112	-0.5051071724904085
0.0	0.0	0.1	0.0	0.0	0.0	0.0	0.0	0.0	0.2515420233067484	38300	496777.89884303324	987733.0241442639	-0.5029475442247399
0.0	0.0	0.1	0.0	0.0	0.0	0.0	0.0	0.0	0.2529036235195165	38400	496401.04466227535	988955.4615469289	-0.50194479323245
0.0	0.0	0.1	0.0	0.0	0.0	0.0	0.0	0.0	0.2542652237322846	38500	496492.61052497115	990219.0562360856	-0.5013967438802739
0.0	0.0	0.1	0.0	0.0	0.0	0.0	0.0	0.0	0.2556268239450527	38600	495787.21882100904	991308.164344805	-0.5001343039968752
0.0	0.0	0.1	0.0	0.0	0.0	0.0	0.0	0.0	0.2569884241578208	38700	495292.5463515944	992328.9118041453	-0.49912135024979465
0.0	0.0	0.1	0.0	0.0	0.0	0.0	0.0	0.0	0.2583500243705889	38800	494078.5708102499	993024.8409212007	-0.4975490546157006
0.0	0.0	0.1	0.0	0.0	0.0	0.0	0.0	0.0	0.259711624583357	38900	492646.194476068	993564.6117786337	-0.49583709870076337
0.0	0.0	0.1	0.0	0.0	0.0	0.0	0.0	0.0	0.2610732247961251	39000	491603.3371281794	994335.4948236599	-0.4944038905252624
0.0	0.0	0.1	0.0	0.0	0.0	0.0	0.0	0.0	0.2624348250088932	39100	490181.959715071	994968.3758202736	-0.49266084392979254
0.0	0.0	0.1	0.0	0.0	0.0	0.0	0.0	0.0	0.2637964252216613	39200	487734.0501424114	995426.7700328894	-0.4899748176616713
0.0	0.0	0.1	0.0	0.0	0.0	0.0	0.0	0.0	0.2651580254344294	39300	485106.15623171243	995981.2473244843	-0.48706354415292313
0.0	0.0	0.1	0.0	0.0	0.0	0.0	0.0	0.0	0.2665196256471975	39400	481882.02281802427	996579.9096699611	-0.48353575879089306
0.0	0.0	0.1	0.0	0.0	0.0	0.0	0.0	0.0	0.2678812258599656	39500	477646.9131358713	997619.7899732107	-0.4787865256248552
0.0	0.0	0.1	0.0	0.0	0.0	0.0	0.0	0.0	0.2692428260727337	39600	472638.6835007478	998304.0927543252	-0.47344159653471485
0.0	0.0	0.1	0.0	0.0	0.0	0.0	0.0	0.0	0.2706044262855018	39700	467811.052480168	998179.8527929648	-0.4686640901148282
0.0	0.0	0.1	0.0	0.0	0.0	0.0	0.0	0.0	0.2719660264982699	39800	464026.37393048796	998535.0543769924	-0.4647071446279911
0.0	0.0	0.1	0.0	0.0	0.0	0.0	0.0	0.0	0.273327626711038	39900	459424.38610383356	999033.5015504162	-0.4598688486330493
0.0	0.0	0.1	0.0	0.0	0.0	0.0	0.0	0.0	0.2746892269238061	40000	453656.56296634075	999925.9551162712	-0.4536901564012204
0.0	0.0	0.1	0.0	0.0	0.0	0.0	0.0	0.0	0.2760508271365742	40100	451631.8264362164	1000855.7932514816	-0.45124565345123246
0.0	0.0	0.1	0.0	0.0	0.0	0.0	0.0	0.0	0.2774124273493423	40200	450618.08725298237	1002037.7447424537	-0.44970170995784337
0.0	0.0	0.1	0.0	0.0	0.0	0.0	0.0	0.0	0.2787740275621104	40300	446756.2309220908	1002595.9526008012	-0.44559947580396186
0.0	0.0	0.1	0.0	0.0	0.0	0.0	0.0	0.0	0.2801356277748785	40400	441599.16665488353	1002791.1254076107	-0.4403700386512535
0.0	0.0	0.1	0.0	0.0	0.0	0.0	0.0	0.0	0.2814972279876466	40500	437370.1580815242	1002931.4863236028	-0.4360917610481756
0.0	0.0	0.1	0.0	0.0	0.0	0.0	0.0	0.0	0.2828588282004147	40600	433837.3822561102	1002996.4905767897	-0.43254127639731305
0.0	0.0	0.1	0.0	0.0	0.0	0.0	0.0	0.0	0.2842204284131828	40700	428175.9529106321	1002284.4671395168	-0.42720002848356076
0.0	0.0	0.1	0.0	0.0	0.0	0.0	0.0	0.0	0.2855820286259509	40800	419873.0792592607	1001299.1067925346	-0.419328326981377
0.0	0.0	0.1	0.0	0.0	0.0	0.0	0.0	0.0	0.286943628838719	40900	413700.17128960293	1000888.5707074455	-0.41333289578598387
0.0	0.0	0.1	0.0	0.0	0.0	0.0	0.0	0.0	0.2883052290514871	41000	413203.55533256085	1001947.6073249305	-0.41240036136795666
0.0	0.0	0.1	0.0	0.0	0.0	0.0	0.0	0.0	0.2896668292642552	41100	412159.8041458229	1002841.2481473029	-0.4109920736779293
0.0	0.0	0.1	0.0	0.0	0.0	0.0	0.0	0.0	0.2910284294770233	41200	410386.28384615853	1003995.8858242935	-0.40875295371277953
0.0	0.0	0.1	0.0	0.0	0.0	0.0	0.0	0.0	0.2923900296897914	41300	410040.02915745135	1004854.5416738846	-0.4080590893030224
0.0	0.0	0.1	0.0	0.0	0.0	0.0	0.0	0.0	0.2937516299025595	41400	408324.5086382968	1005548.5971541343	-0.4060713821230733
0.0	0.0	0.1	0.0	0.0	0.0	0.0	0.0	0.0	0.2951132301153276	41500	405115.1175229866	1006346.0860651436	-0.40256043436011574
0.0	0.0	0.1	0.0	0.0	0.0	0.0	0.0	0.0	0.2964748303280957	41600	404009.0887813673	1006883.3375190422	-0.4012471690879746
0.0	0.0	0.1	0.0	0.0	0.0	0.0	0.0	0.0	0.2978364305408638	41700	404488.26606841595	1008059.8575769253	-0.40125421424942453
0.0	0.0	0.1	0.0	0.0	0.0	0.0	0.0	0.0	0.2991980307536319	41800	402091.8501299796	1009100.1481082365	-0.39846575276376933
0.0	0.0	0.1	0.0	0.0	0.0	0.0	0.0	0.0	0.3005596309664	41900	399759.45175151667	1010221.8512160968	-0.3957145168363657
0.0	0.0	0.1	0.0	0.0	0.0	0.0	0.0	0.0	0.3019212311791681	42000	398983.4774058324	1011217.2239491589	-0.3945576360415041
0.0	0.0	0.1	0.0	0.0	0.0	0.0	0.0	0.0	0.3032828313919362	42100	396043.98744783376	1011993.9471379609	-0.39135015438372256
0.0	0.0	0.1	0.0	0.0	0.0	0.0	0.0	0.0	0.3046444316047043	42200	390287.8378957562	1012619.2070885417	-0.38542409146860085
0.0	0.0	0.1	0.0	0.0	0.0	0.0	0.0	0.0	0.3060060318174724	42300	386792.03485256765	1013136.1809854108	-0.3817769438224588
0.0	0.0	0.1	0.0	0.0	0.0	0.0	0.0	0.0	0.3073676320302405	42400	385747.44749528845	1014024.6860570605	-0.3804122846310883
0.0	0.0	0.1	0.0	0.0	0.0	0.0	0.0	0.0	0.3087292322430086	42500	382375.5056986442	1014723.4374337322	-0.3768273123420545
0.0	0.0	0.1	0.0	0.0	0.0	0.0	0.0	0.0	0.3100908324557767	42600	378381.56478268624	1015194.7246697965	-0.3727182141394195
0.0	0.0	0.1	0.0	0.0	0.0	0.0	0.0	0.0	0.3114524326685448	42700	377041.314531573	1015670.5265265628	-0.3712240383906742
0.0	0.0	0.1	0.0	0.0	0.0	0.0	0.0	0.0	0.3128140328813129	42800	376578.74333131214	1016425.8007633091	-0.37049309752714993
0.0	0.0	0.1	0.0	0.0	0.0	0.0	0.0	0.0	0.314175633094081	42900	374582.6287384918	1016822.8050122145	-0.3683853537627848
0.0	0.0	0.1	0.0	0.0	0.0	0.0	0.0	0.0	0.3155372333068491	43000	373030.8088242676	1017188.6757672599	-0.36672725297781406
0.0	0.0	0.1	0.0	0.0	0.0	0.0	0.0	0.0	0.3168988335196172	43100	371977.23361188435	1017448.2189464305	-0.36559819623751216
0.0	0.0	0.1	0.0	0.0	0.0	0.0	0.0	0.0	0.3182604337323853	43200	370458.00032859616	1017578.571148004	-0.36405837429404164
0.0	0.0	0.1	0.0	0.0	0.0	0.0	0.0	0.0	0.31962203394515337	43300	366649.87113323796	1017854.8279262697	-0.360218236504545
0.0	0.0	0.1	0.0	0.0	0.0	0.0	0.0	0.0	0.32098363415792147	43400	362030.3054340399	1018508.077518443	-0.3554515800366682
0.0	0.0	0.1	0.0	0.0	0.0	0.0	0.0	0.0	0.32234523437068957	43500	362618.9145367875	1018825.2344920933	-0.35591866225963764
0.0	0.0	0.1	0.0	0.0	0.0	0.0	0.0	0.0	0.32370683458345767	43600	362792.59682325996	1019556.8031000696	-0.3558336286121096
0.0	0.0	0.1	0.0	0.0	0.0	0.0	0.0	0.0	0.32506843479622577	43700	361222.8862812587	1019471.9148654892	-0.35432352869565714
0.0	0.0	0.1	0.0	0.0	0.0	0.0	0.0	0.0	0.32643003500899387	43800	359138.05844344664	1019474.9051228199	-0.3522774877917961
0.0	0.0	0.1	0.0	0.0	0.0	0.0	0.0	0.0	0.32779163522176197	43900	360264.1174126604	1020424.6565654543	-0.3530531285134147
0.0	0.0	0.1	0.0	0.0	0.0	0.0	0.0	0.0	0.32915323543453007	44000	360433.3035605091	1021179.2668311255	-0.3529579137255581
0.0	0.0	0.1	0.0	0.0	0.0	0.0	0.0	0.0	0.33051483564729817	44100	358329.19766326284	1021639.1809592574	-0.3507394825312136
0.0	0.0	0.1	0.0	0.0	0.0	0.0	0.0	0.0	0.33187643586006627	44200	357001.6359712201	1022232.6073544994	-0.3492371828121657
0.0	0.0	0.1	0.0	0.0	0.0	0.0	0.0	0.0	0.33323803607283436	44300	357402.2536508593	1023543.365381256	-0.34918134955398966
0.0	0.0	0.1	0.0	0.0	0.0	0.0	0.0	0.0	0.33459963628560246	44400	357337.90671555063	1024889.1061724438	-0.34866006923428683
0.0	0.0	0.1	0.0	0.0	0.0	0.0	0.0	0.0	0.33596123649837056	44500	355688.56601289235	1026270.3726842754	-0.3465836834815433
0.0	0.0	0.1	0.0	0.0	0.0	0.0	0.0	0.0	0.33732283671113866	44600	354761.94754801516	1027657.2719516186	-0.34521426280017325
0.0	0.0	0.1	0.0	0.0	0.0	0.0	0.0	0.0	0.33868443692390676	44700	354340.0599671154	1028796.1334138408	-0.3444220370379051
0.0	0.0	0.1	0.0	0.0	0.0	0.0	0.0	0.0	0.34004603713667486	44800	353278.8493562747	1030041.1584934553	-0.342975468934642
0.0	0.0	0.1	0.0	0.0	0.0	0.0	0.0	0.0	0.34140763734944296	44900	351772.5063546373	1031436.2314763517	-0.3410511436573504
0.0	0.0	0.1	0.0	0.0	0.0	0.0	0.0	0.0	0.34276923756221106	45000	350511.0632789306	1032502.6654287508	-0.33947715101866544
0.0	0.0	0.1	0.0	0.0	0.0	0.0	0.0	0.0	0.34413083777497916	45100	349947.38773222425	1033466.4052251524	-0.3386151557156657
0.0	0.0	0.1	0.0	0.0	0.0	0.0	0.0	0.0	0.34549243798774726	45200	349285.07938775973	1034295.7123113535	-0.33770330402628085
0.0	0.0	0.1	0.0	0.0	0.0	0.0	0.0	0.0	0.34685403820051536	45300	348456.8367598901	1034941.5276030414	-0.33669229368631826
0.0	0.0	0.1	0.0	0.0	0.0	0.0	0.0	0.0	0.34821563841328346	45400	347886.13239168294	1035364.4393979004	-0.3360035550322653
0.0	0.0	0.1	0.0	0.0	0.0	0.0	0.0	0.0	0.34957723862605156	45500	345458.08655076806	1035380.7327539652	-0.33365319212759426
0.0	0.0	0.1	0.0	0.0	0.0	0.0	0.0	0.0	0.35093883883881966	45600	336381.90733022406	1036291.0424639448	-0.32460177068637325
0.0	0.0	0.1	0.0	0.0	0.0	0.0	0.0	0.0	0.35230043905158775	45700	334706.1469493388	1036782.367831986	-0.32283163500286205
0.0	0.0	0.1	0.0	0.0	0.0	0.0	0.0	0.0	0.35366203926435585	45800	337720.0873865182	1037648.8162018445	-0.3254666531810745
0.0	0.0	0.1	0.0	0.0	0.0	0.0	0.0	0.0	0.35502363947712395	45900	337876.9116960845	1038321.9177431948	-0.3254067027983614
0.0	0.0	0.1	0.0	0.0	0.0	0.0	0.0	0.0	0.35638523968989205	46000	337140.4150706654	1038793.7429952575	-0.3245499093001416
0.0	0.0	0.1	0.0	0.0	0.0	0.0	0.0	0.0	0.35774683990266015	46100	336260.8284061607	1039673.4673789084	-0.32342926789687
0.0	0.0	0.1	0.0	0.0	0.0	0.0	0.0	0.0	0.35910844011542825	46200	332079.639739088	1040007.2811099333	-0.31930511042641996
0.0	0.0	0.1	0.0	0.0	0.0	0.0	0.0	0.0	0.36047004032819635	46300	321990.4961010966	1038958.8041441987	-0.30991651913121193
0.0	0.0	0.1	0.0	0.0	0.0	0.0	0.0	0.0	0.36183164054096445	46400	319281.93190858286	1037979.8564812551	-0.30759935264153054
0.0	0.0	0.1	0.0	0.0	0.0	0.0	0.0	0.0	0.36319324075373255	46500	320848.03334890306	1039091.2292629132	-0.3087775397512487
0.0	0.0	0.1	0.0	0.0	0.0	0.0	0.0	0.0	0.36455484096650065	46600	321691.00159539713	1039994.6353423294	-0.3093198663371065
0.0	0.0	0.1	0.0	0.0	0.0	0.0	0.0	0.0	0.36591644117926875	46700	321616.0466671145	1040673.5055033888	-0.30904606004314883
0.0	0.0	0.1	0.0	0.0	0.0	0.0	0.0	0.0	0.36727804139203685	46800	321980.7384327561	1041301.412229723	-0.30920993158292526
0.0	0.0	0.1	0.0	0.0	0.0	0.0	0.0	0.0	0.36863964160480495	46900	321570.4406195334	1041897.5079461078	-0.3086392261878475
0.0	0.0	0.1	0.0	0.0	0.0	0.0	0.0	0.0	0.37000124181757305	47000	321362.5833219689	1042398.8076874133	-0.30829139572302416
0.0	0.0	0.1	0.0	0.0	0.0	0.0	0.0	0.0	0.37136284203034114	47100	322329.5208823107	1042976.8786204685	-0.3090476188778524
0.0	0.0	0.1	0.0	0.0	0.0	0.0	0.0	0.0	0.37272444224310924	47200	322240.6626448591	1043475.4138219977	-0.3088148109446773
0.0	0.0	0.1	0.0	0.0	0.0	0.0	0.0	0.0	0.37408604245587734	47300	322253.96531126375	1044001.0196655568	-0.3086720790890578
0.0	0.0	0.1	0.0	0.0	0.0	0.0	0.0	0.0	0.37544764266864544	47400	322856.02617450076	1044725.1111975907	-0.3090344270603432
0.0	0.0	0.1	0.0	0.0	0.0	0.0	0.0	0.0	0.37680924288141354	47500	322536.19422189106	1045303.2510783746	-0.308557534752858
0.0	0.0	0.1	0.0	0.0	0.0	0.0	0.0	0.0	0.37817084309418164	47600	322542.9335020996	1046081.0559491981	-0.308334551770875
0.0	0.0	0.1	0.0	0.0	0.0	0.0	0.0	0.0	0.37953244330694974	47700	322909.7480339005	1046885.0796608747	-0.3084481327582805
0.0	0.0	0.1	0.0	0.0	0.0	0.0	0.0	0.0	0.38089404351971784	47800	322466.46131367795	1047483.0509434097	-0.30784885829250447
0.0	0.0	0.1	0.0	0.0	0.0	0.0	0.0	0.0	0.38225564373248594	47900	321221.49250620254	1047745.6473155452	-0.30658346644456314
0.0	0.0	0.1	0.0	0.0	0.0	0.0	0.0	0.0	0.38361724394525404	48000	319572.9135897937	1047984.7143803715	-0.3049404339630502
0.0	0.0	0.1	0.0	0.0	0.0	0.0	0.0	0.0	0.38497884415802214	48100	317867.4217274464	1047969.6921074137	-0.3033173803798001
0.0	0.0	0.1	0.0	0.0	0.0	0.0	0.0	0.0	0.38634044437079024	48200	314909.0102744785	1047532.975552642	-0.3006196631741769
0.0	0.0	0.1	0.0	0.0	0.0	0.0	0.0	0.0	0.38770204458355834	48300	313932.12381626817	1047597.6404069752	-0.29966860529994177
0.0	0.0	0.1	0.0	0.0	0.0	0.0	0.0	0.0	0.38906364479632644	48400	313413.8781066938	1047503.3950228703	-0.29920082321055486
0.0	0.0	0.1	0.0	0.0	0.0	0.0	0.0	0.0	0.39042524500909453	48500	311048.37676757446	1047648.1939797915	-0.2969015539328791
0.0	0.0	0.1	0.0	0.0	0.0	0.0	0.0	0.0	0.39178684522186263	48600	307740.62657396175	1047761.5691760321	-0.2937124586617272
0.0	0.0	0.1	0.0	0.0	0.0	0.0	0.0	0.0	0.39314844543463073	48700	304633.89215851657	1048067.7505900328	-0.29066240420718625
0.0	0.0	0.1	0.0	0.0	0.0	0.0	0.0	0.0	0.39451004564739883	48800	302903.8847819638	1048858.9314950523	-0.28879373163195743
0.0	0.0	0.1	0.0	0.0	0.0	0.0	0.0	0.0	0.39587164586016693	48900	303552.176526324	1049594.7051225048	-0.2892089442189921
0.0	0.0	0.1	0.0	0.0	0.0	0.0	0.0	0.0	0.39723324607293503	49000	303457.3706339368	1050183.9833305802	-0.2889563880716828
0.0	0.0	0.1	0.0	0.0	0.0	0.0	0.0	0.0	0.39859484628570313	49100	302210.87229726464	1050560.0593702332	-0.2876664400114615
0.0	0.0	0.1	0.0	0.0	0.0	0.0	0.0	0.0	0.39995644649847123	49200	301296.25191819493	1051075.4592286383	-0.2866552056493734
0.0	0.0	0.1	0.0	0.0	0.0	0.0	0.0	0.0	0.40131804671123933	49300	300563.05680667615	1052067.6626537465	-0.28568795285327253
0.0	0.0	0.1	0.0	0.0	0.0	0.0	0.0	0.0	0.40267964692400743	49400	299148.6001496815	1052917.109721938	-0.2841141029882997
0.0	0.0	0.1	0.0	0.0	0.0	0.0	0.0	0.0	0.4040412471367755	49500	298243.3983250123	1053765.2633695044	-0.2830264089094696
0.0	0.0	0.1	0.0	0.0	0.0	0.0	0.0	0.0	0.4054028473495436	49600	298653.0744921588	1054468.5946605988	-0.2832261444337146
0.0	0.0	0.1	0.0	0.0	0.0	0.0	0.0	0.0	0.4067644475623117	49700	298099.5511819894	1055213.1455335019	-0.2825017414195254
0.0	0.0	0.1	0.0	0.0	0.0	0.0	0.0	0.0	0.4081260477750798	49800	297183.33940835425	1056003.093012551	-0.28142279257966346
0.0	0.0	0.1	0.0	0.0	0.0	0.0	0.0	0.0	0.4094876479878479	49900	297505.0415599685	1056537.2599090706	-0.2815849973767824
0.0	0.0	0.1	0.0	0.0	0.0	0.0	0.0	0.0	0.410849248200616	50000	297470.7270899879	1057027.9166502072	-0.28142182661806386
0.0	0.0	0.1	0.0	0.0	0.0	0.0	0.0	0.0	0.4122108484133841	50100	297099.5808684284	1057552.9961649016	-0.28093115138988495
0.0	0.0	0.1	0.0	0.0	0.0	0.0	0.0	0.0	0.4135724486261522	50200	297359.3330782124	1058215.2040499211	-0.28100081338860117
0.0	0.0	0.1	0.0	0.0	0.0	0.0	0.0	0.0	0.4149340488389203	50300	297541.8137558	1059046.8301818233	-0.2809524614739806
0.0	0.0	0.1	0.0	0.0	0.0	0.0	0.0	0.0	0.4162956490516884	50400	296761.50820038485	1059702.6922833566	-0.28004223294077757
0.0	0.0	0.1	0.0	0.0	0.0	0.0	0.0	0.0	0.4176572492644565	50500	296060.84595998505	1060413.6138980773	-0.27919374296946853
0.0	0.0	0.1	0.0	0.0	0.0	0.0	0.0	0.0	0.4190188494772246	50600	296150.53240284475	1061078.6744248464	-0.2791032743763058
0.0	0.0	0.1	0.0	0.0	0.0	0.0	0.0	0.0	0.4203804496899927	50700	295709.97653811757	1061582.4484106482	-0.27855582671024826
0.0	0.0	0.1	0.0	0.0	0.0	0.0	0.0	0.0	0.4217420499027608	50800	295142.5246498864	1062074.4665357848	-0.27789249619432604
0.0	0.0	0.1	0.0	0.0	0.0	0.0	0.0	0.0	0.4231036501155289	50900	294373.8505438762	1062605.2391767178	-0.2770303022145367
0.0	0.0	0.1	0.0	0.0	0.0	0.0	0.0	0.0	0.424465250328297	51000	293092.0207400038	1063301.7033458953	-0.27564332852823437
0.0	0.0	0.1	0.0	0.0	0.0	0.0	0.0	0.0	0.4258268505410651	51100	293238.81224335707	1063887.2560664627	-0.27562959380447544
0.0	0.0	0.1	0.0	0.0	0.0	0.0	0.0	0.0	0.4271884507538332	51200	292934.9995636427	1064365.5924442864	-0.27522028299592577
0.0	0.0	0.1	0.0	0.0	0.0	0.0	0.0	0.0	0.4285500509666013	51300	292465.06922582013	1064978.250164504	-0.27462069688338137
0.0	0.0	0.1	0.0	0.0	0.0	0.0	0.0	0.0	0.4299116511793694	51400	292844.8295395703	1065559.4288211334	-0.274827308190173
0.0	0.0	0.1	0.0	0.0	0.0	0.0	0.0	0.0	0.4312732513921375	51500	292973.6983939855	1066032.8340489548	-0.27482614891065493
0.0	0.0	0.1	0.0	0.0	0.0	0.0	0.0	0.0	0.4326348516049056	51600	292629.76419163175	1066520.9752776858	-0.2743778800181974
0.0	0.0	0.1	0.0	0.0	0.0	0.0	0.0	0.0	0.4339964518176737	51700	292815.5576831771	1066797.931054282	-0.2744808076200494
0.0	0.0	0.1	0.0	0.0	0.0	0.0	0.0	0.0	0.4353580520304418	51800	293281.3384522338	1067059.7641838067	-0.2748499646377019
0.0	0.0	0.1	0.0	0.0	0.0	0.0	0.0	0.0	0.4367196522432099	51900	293017.61183460476	1067104.1621027905	-0.27459138689628626
0.0	0.0	0.1	0.0	0.0	0.0	0.0	0.0	0.0	0.438081252455978	52000	292762.9805163136	1067161.424956534	-0.2743380464002791
0.0	0.0	0.1	0.0	0.0	0.0	0.0	0.0	0.0	0.4394428526687461	52100	292719.12625343417	1067006.2400454164	-0.27433684571608014
0.0	0.0	0.1	0.0	0.0	0.0	0.0	0.0	0.0	0.4408044528815142	52200	291453.93042175495	1066099.7699391455	-0.27338335364089944
0.0	0.0	0.1	0.0	0.0	0.0	0.0	0.0	0.0	0.4421660530942823	52300	290305.3909037811	1065068.165085645	-0.2725697757386607
0.0	0.0	0.1	0.0	0.0	0.0	0.0	0.0	0.0	0.4435276533070504	52400	290110.6443193675	1064741.2180867665	-0.27247056786311635
0.0	0.0	0.1	0.0	0.0	0.0	0.0	0.0	0.0	0.4448892535198185	52500	290896.6920993154	1064954.6901401	-0.27315405509040624
0.0	0.0	0.1	0.0	0.0	0.0	0.0	0.0	0.0	0.4462508537325866	52600	290778.14122368244	1064998.8517759421	-0.27303141288724814
0.0	0.0	0.1	0.0	0.0	0.0	0.0	0.0	0.0	0.4476124539453547	52700	290984.7802132859	1065324.6753497107	-0.27314187584903654
0.0	0.0	0.1	0.0	0.0	0.0	0.0	0.0	0.0	0.4489740541581228	52800	291094.79544988734	1065724.1530136145	-0.27314272143193946
0.0	0.0	0.1	0.0	0.0	0.0	0.0	0.0	0.0	0.4503356543708909	52900	290174.154748262	1065842.9030795456	-0.2722485217191579
0.0	0.0	0.1	0.0	0.0	0.0	0.0	0.0	0.0	0.451697254583659	53000	289379.23145482526	1065722.6088998243	-0.2715333512099923
0.0	0.0	0.1	0.0	0.0	0.0	0.0	0.0	0.0	0.4530588547964271	53100	288281.9071005655	1065397.8606495345	-0.2705861516605735
0.0	0.0	0.1	0.0	0.0	0.0	0.0	0.0	0.0	0.4544204550091952	53200	285729.38173724816	1064402.2327122984	-0.2684411709745813
0.0	0.0	0.1	0.0	0.0	0.0	0.0	0.0	0.0	0.4557820552219633	53300	281766.4880993316	1061317.597543686	-0.2654874363258012
0.0	0.0	0.1	0.0	0.0	0.0	0.0	0.0	0.0	0.4571436554347314	53400	281620.7404859086	1060472.4004344903	-0.2655615934658221
0.0	0.0	0.1	0.0	0.0	0.0	0.0	0.0	0.0	0.4585052556474995	53500	281991.02612084657	1060352.7875590331	-0.265940759933304
0.0	0.0	0.1	0.0	0.0	0.0	0.0	0.0	0.0	0.4598668558602676	53600	279234.32738976245	1059035.6732862128	-0.26366848108458113
0.0	0.0	0.1	0.0	0.0	0.0	0.0	0.0	0.0	0.4612284560730357	53700	275573.1143100024	1056685.08083279	-0.2607902007027666
0.0	0.0	0.1	0.0	0.0	0.0	0.0	0.0	0.0	0.4625900562858038	53800	273246.1742262551	1055283.3711213325	-0.25893156445354265
0.0	0.0	0.1	0.0	0.0	0.0	0.0	0.0	0.0	0.4639516564985719	53900	269213.3196936288	1054327.687890331	-0.25534122150610905
0.0	0.0	0.1	0.0	0.0	0.0	0.0	0.0	0.0	0.46531325671134	54000	270190.43782545265	1054631.8069918281	-0.25619409165756957
0.0	0.0	0.1	0.0	0.0	0.0	0.0	0.0	0.0	0.4666748569241081	54100	271184.76175693236	1054902.882183624	-0.25707083214673404
0.0	0.0	0.1	0.0	0.0	0.0	0.0	0.0	0.0	0.4680364571368762	54200	269868.9833989081	1054511.290108657	-0.25591853395054764
0.0	0.0	0.1	0.0	0.0	0.0	0.0	0.0	0.0	0.4693980573496443	54300	268936.6057683456	1054087.9869574057	-0.2551367714042765
0.0	0.0	0.1	0.0	0.0	0.0	0.0	0.0	0.0	0.4707596575624124	54400	269368.33278391155	1053787.6655717255	-0.25561917413197993
0.0	0.0	0.1	0.0	0.0	0.0	0.0	0.0	0.0	0.4721212577751805	54500	268669.6335855451	1053480.5434306052	-0.2550304656891301
0.0	0.0	0.1	0.0	0.0	0.0	0.0	0.0	0.0	0.4734828579879486	54600	267411.63564583886	1053246.946389072	-0.25389262846916083
0.0	0.0	0.1	0.0	0.0	0.0	0.0	0.0	0.0	0.4748444582007167	54700	266648.5522139538	1053033.0523781287	-0.25321954672910324
0.0	0.0	0.1	0.0	0.0	0.0	0.0	0.0	0.0	0.4762060584134848	54800	265587.68962862797	1052709.3619954742	-0.2522896624811909
0.0	0.0	0.1	0.0	0.0	0.0	0.0	0.0	0.0	0.4775676586262529	54900	263799.85904269316	1052010.4772049426	-0.250757824906436
0.0	0.0	0.1	0.0	0.0	0.0	0.0	0.0	0.0	0.478929258839021	55000	262239.3840255502	1051079.485118121	-0.2494952929236171
0.0	0.0	0.1	0.0	0.0	0.0	0.0	0.0	0.0	0.4802908590517891	55100	260326.29178255302	1050292.223184893	-0.24786082009932706
0.0	0.0	0.1	0.0	0.0	0.0	0.0	0.0	0.0	0.4816524592645572	55200	257837.23229252585	1049340.1635250307	-0.24571367918137965
0.0	0.0	0.1	0.0	0.0	0.0	0.0	0.0	0.0	0.4830140594773253	55300	253555.06305673617	1047922.17366883	-0.24195982242557834
0.0	0.0	0.1	0.0	0.0	0.0	0.0	0.0	0.0	0.4843756596900934	55400	251248.8091682383	1046388.5793986649	-0.24011042753603556
0.0	0.0	0.1	0.0	0.0	0.0	0.0	0.0	0.0	0.4857372599028615	55500	251904.11816200957	1046121.590597975	-0.24079812559648858
0.0	0.0	0.1	0.0	0.0	0.0	0.0	0.0	0.0	0.4870988601156296	55600	251057.14604713517	1045628.6317061828	-0.24010163688562916
0.0	0.0	0.1	0.0	0.0	0.0	0.0	0.0	0.0	0.4884604603283977	55700	248686.68003898862	1044247.5040468805	-0.23814917351990536
0.0	0.0	0.1	0.0	0.0	0.0	0.0	0.0	0.0	0.4898220605411658	55800	247281.59801041975	1043385.1244813084	-0.23699935163763172
0.0	0.0	0.1	0.0	0.0	0.0	0.0	0.0	0.0	0.4911836607539339	55900	245809.97489280082	1042701.1655333366	-0.23574345461393073
0.0	0.0	0.1	0.0	0.0	0.0	0.0	0.0	0.0	0.492545260966702	56000	243684.36027634336	1041736.6884688003	-0.23392126146053618
0.0	0.0	0.1	0.0	0.0	0.0	0.0	0.0	0.0	0.4939068611794701	56100	243951.19167306463	1042047.8620427739	-0.23410747294739034
0.0	0.0	0.1	0.0	0.0	0.0	0.0	0.0	0.0	0.4952684613922382	56200	244840.73004641183	1042455.1618472922	-0.2348693152543267
0.0	0.0	0.1	0.0	0.0	0.0	0.0	0.0	0.0	0.4966300616050063	56300	244258.01272705893	1042502.6120352736	-0.2342996649669731
0.0	0.0	0.1	0.0	0.0	0.0	0.0	0.0	0.0	0.4979916618177744	56400	244258.39315506816	1042608.5536930851	-0.23427622216398103
0.0	0.0	0.1	0.0	0.0	0.0	0.0	0.0	0.0	0.4993532620305425	56500	244939.87867913046	1043276.6116391867	-0.2347794208616286
0.0	0.0	0.1	0.0	0.0	0.0	0.0	0.0	0.0	0.5007148622433105	56600	243887.23329244752	1043511.5943389626	-0.23371779922286703
0.0	0.0	0.1	0.0	0.0	0.0	0.0	0.0	0.0	0.5020764624560786	56700	243107.3449649945	1043801.143124989	-0.23290580448797596
0.0	0.0	0.1	0.0	0.0	0.0	0.0	0.0	0.0	0.5034380626688467	56800	243731.7356312311	1044250.9789373502	-0.2334034064102647
0.0	0.0	0.1	0.0	0.0	0.0	0.0	0.0	0.0	0.5047996628816148	56900	243139.99543458188	1044441.7223454163	-0.232794219373564
0.0	0.0	0.1	0.0	0.0	0.0	0.0	0.0	0.0	0.5061612630943829	57000	242964.9910996429	1044748.0029271251	-0.23255846426019977
0.0	0.0	0.1	0.0	0.0	0.0	0.0	0.0	0.0	0.507522863307151	57100	244321.38366725278	1045225.7766741606	-0.23374986449785737
0.0	0.0	0.1	0.0	0.0	0.0	0.0	0.0	0.0	0.5088844635199191	57200	243641.35038534785	1045378.5662265039	-0.23306518638967166
0.0	0.0	0.1	0.0	0.0	0.0	0.0	0.0	0.0	0.5102460637326872	57300	244140.14129364712	1045664.9394251596	-0.23347836585958395
0.0	0.0	0.1	0.0	0.0	0.0	0.0	0.0	0.0	0.5116076639454553	57400	245247.9137984728	1046160.265136155	-0.23442671450205999
0.0	0.0	0.1	0.0	0.0	0.0	0.0	0.0	0.0	0.5129692641582234	57500	244668.28547577368	1046287.4773657185	-0.23384422615071834
0.0	0.0	0.1	0.0	0.0	0.0	0.0	0.0	0.0	0.5143308643709915	57600	245361.30305835785	1046711.073764524	-0.2344116817030601
0.0	0.0	0.1	0.0	0.0	0.0	0.0	0.0	0.0	0.5156924645837596	57700	246217.02666982636	1047311.5969034216	-0.23509433811084918
0.0	0.0	0.1	0.0	0.0	0.0	0.0	0.0	0.0	0.5170540647965277	57800	246573.46880312145	1047957.8598774096	-0.23528948848378853
0.0	0.0	0.1	0.0	0.0	0.0	0.0	0.0	0.0	0.5184156650092958	57900	247212.09430037314	1048550.8395241149	-0.23576548220834997
0.0	0.0	0.1	0.0	0.0	0.0	0.0	0.0	0.0	0.5197772652220639	58000	247248.0164396941	1049066.0053444086	-0.23568394665359738
