# exz		ezz		i		sxz		szz		tanPhi		tens_media
0.0	0.9952610161634199	100	0.0	0.0	0	0.0
0.0	0.9905444902946438	200	0.10004420107525387	0.6794330781768241	-0.14724658585023606	-0.4431372271385563
0.0	0.9858503159657241	300	0.4550304667921546	1.140930841327157	-0.3988238816148161	-0.6515348572118013
0.0	0.9811783872530747	400	0.08302692496831206	2.6082457799168703	0.03183247744810241	-1.1096090340873639
0.0	0.9765285987350811	500	0.29276830477826143	1.6280315249010153	0.1798296287880923	-1.2230461372384334
0.0	0.9719008454897173	600	0.3901833104330906	0.3528477961198887	1.1058119526996175	-0.6288939960207124
0.0	0.9672950230921834	700	0.02065561181414746	0.828666975111405	-0.024926312299787912	-0.5279773309921402
0.0	0.9627110276125459	800	0.22584891405455707	0.9595406304702745	0.23537191327048618	-1.118795673852908
0.0	0.9581487556133925	900	0.4154437191726793	1.2100611772145593	0.34332455829133324	-0.9033305939561554
0.0	0.9536081041475022	1000	0.0008544075401556768	0.007883348128179268	0.10838130274896411	-0.0026590231168673976
0.0	0.9490889707555162	1100	0.10128137302587009	1.5637868517125937	-0.0647667378165707	-0.5891519619540723
0.0	0.9445912534636293	1200	0.438270691684874	0.775168820670451	0.5653874098106906	-1.3984259527148593
0.0	0.9401148507812908	1300	0.6579739505150229	0.7315975015978267	0.8993660435936316	-0.5648865790029572
0.0	0.9356596616989095	1400	0.39775965312421113	0.1771537630199682	2.2452791650797557	-1.1313823194280148
0.0	0.9312255856855782	1500	0.003428951558106286	1.2041470577624243	0.0028476185994076573	-1.7846916281102383
0.0	0.9268125226868043	1600	2.017563818580381	2.360417276937866	0.8547487930599018	-1.8885350762069877
0.0	0.9224203731222518	1700	1.0499243918711034	3.765435201528284	0.27883214971936543	-2.762706003191527
0.0	0.9180490378834939	1800	1.360755574622132	1.3052276457888379	-1.0425427158338612	-1.1650374789582134
0.0	0.9136984183317766	1900	1.5974379687121727	8.215924051218215	-0.19443192984181892	-7.143025830225185
0.0	0.9093684162957939	2000	0.05932028474005994	4.121019770073662	-0.014394564464562033	-3.420555957673402
0.0	0.9050589340694717	2100	0.20522024697352867	0.8591910455849063	-0.23885286983388207	-2.2626652839147794
0.0	0.9007698744097647	2200	0.6600626048366294	1.1746008093104157	-0.5619463221927616	-2.0014771266581692
0.0	0.8965011405344592	2300	1.1262271955915515	5.126130681210193	-0.21970317684637494	-2.740750847473724
0.0	0.8922526361199915	2400	0.4762075984743794	2.2207905017053235	-0.21443157204999938	-3.904503533613035
0.0	0.8880242652992735	2500	0.6702249566540663	7.030880261950043	-0.09532589543320949	-4.692798070820687
0.0	0.8838159326595298	2600	0.09543936867320911	13.400963577283324	0.007121828823935719	-11.2793489788208
0.0	0.8796275432401452	2700	2.297142330992963	6.621753890989011	-0.3469084428098349	-4.96063473841867
0.0	0.8754590025305202	2800	0.4981431235614352	6.0158809426884785	-0.08280468451870934	-6.139479881081932
0.0	0.8713102164679397	2900	2.067188311269244	9.877797302443168	-0.20927624327317862	-9.893676898951183
0.0	0.8671810914354515	3000	1.2469149112955122	7.2565876849527475	0.17183212901583395	-5.679766253549261
0.0	0.8630715342597512	3100	0.28395660768093073	9.389450802242491	-0.030242089091420885	-11.642976469789298
0.0	0.8589814522090817	3200	6.7289512783955825	14.720664021148949	0.45710922202478116	-15.24228580632839
0.0	0.8549107529911413	3300	1.3132772608631396	27.890173643115567	-0.04708745372717713	-26.525381125801534
0.0	0.8508593447509981	3400	4.508807304698574	37.22139068274433	-0.12113484268036329	-32.434051368315
0.0	0.8468271360690208	3500	7.421320829535798	32.03325309581979	-0.23167552815621623	-32.52000848901489
0.0	0.8428140359588127	3600	1.504603286173078	55.936444936181296	-0.02689844318654326	-59.25635362305271
0.0	0.8388199538651617	3700	1.0809553755112842	65.02795930327234	-0.016622932460020907	-61.56423796833485
0.0	0.8348447996619939	3800	12.5178632552553	122.00004723026768	0.10260539679651592	-109.87701191003369
0.0	0.8308884836503428	3900	7.654362232500423	152.15733237886658	0.05030557589851353	-149.0640912734161
0.0	0.826950916556324	4000	0.3398158862431497	168.68770497235118	-0.0020144674225003375	-155.70678976864122
0.0	0.8230320095291187	4100	14.166992341449221	188.71461325319703	-0.07507098733494194	-183.51522981203493
0.0	0.8191316741389729	4200	4.288934410369109	283.7613035857401	-0.015114585238269399	-282.20422691313985
0.0	0.8152498223751977	4300	29.246804995402695	372.4937246017259	-0.07851623547933238	-378.9055464769621
0.0	0.811386366644186	4400	6.546144525707039	394.405171209049	0.01659751190796975	-414.817214465407
0.0	0.8075412197674384	4500	27.18172654030025	648.4420931952914	-0.041918510265671366	-685.9596037742834
0.0	0.8037142949795884	4600	62.60971937197307	1037.520700572035	-0.06034551343163884	-1013.1748085625635
0.0	0.7999055059264522	4700	45.003562898923	1374.1033496850025	-0.03275122130314256	-1441.8261086107534
0.0	0.7961147666630752	4800	1.9394622529485765	2678.7095459712855	-0.0007240285740816809	-2672.036925242593
0.0	0.792341991651797	4900	194.41112534659115	2632.6588831022896	-0.0738459230682783	-2787.532849240053
0.0	0.7885870957603157	5000	169.18483401910493	4538.081886018329	-0.03728113292542329	-4775.480283539012
0.0	0.7848499942597724	5100	217.95084189329367	6364.106934832838	-0.034246885560702545	-6594.278217974429
0.0	0.7811306028228358	5200	155.35083336066654	9935.421349847433	-0.015636058893773248	-10365.543015221965
0.0	0.777428837521801	5300	397.82538096267245	12740.432792054002	-0.031225421259691397	-13220.257052751404
0.0	0.7737446148266944	5400	192.46616778264848	20394.114115642114	-0.009437338964139097	-20234.001490439518
0.0	0.7700778516033896	5500	206.9577488061673	31029.73996419032	-0.0066696578522735155	-30486.842949068752
0.0	0.766428465111733	5600	312.8236607997281	41142.506764434365	-0.0076034176184458565	-40709.057123922554
0.0	0.762796373003674	5700	484.7431194775428	50456.995293248074	-0.00960705481292123	-51435.1382584234
0.0	0.7591814933214076	5800	1155.2508885627844	65489.945629277354	-0.017640125937840576	-65919.99281145383
0.0	0.7555837444955269	5900	1296.1762188591067	77178.84096230096	0.016794450430944425	-79767.76903796825
0.0	0.7520030453431806	6000	80.8824716662678	94149.29250760446	-0.0008590874080093051	-98455.48684244188
0.0	0.7484393150662403	6100	2237.7446400067697	114406.40957059372	-0.01955960901496506	-118323.55989515963
0.0	0.7448924732494805	6200	2342.6162188216813	133165.94687585716	-0.017591706241578155	-139201.4163555647
0.0	0.7413624398587617	6300	622.1737039720955	156884.10483032954	-0.003965817344242602	-164313.36977136825
0.0	0.7378491352392239	6400	1039.745272835036	187467.4560634865	-0.005546270775034803	-192380.77375631977
0.0	0.734352480113491	6500	2502.084457100305	218978.90868415948	-0.01142614360504072	-223409.9576185959
0.0	0.7308723955798805	6600	164.92048918337932	259932.25745037544	-0.0006344748851144989	-254444.1380689138
0.0	0.7274088031106253	6700	1100.9240573819898	295057.3358565515	-0.0037312207615038855	-289260.4235235004
0.0	0.7239616245500982	6800	3418.4722310437824	335132.48741450836	-0.010200360631751131	-322969.07321252336
0.0	0.7205307821130508	6900	2371.8005766479127	384278.10414584324	-0.006172093988856973	-363183.2842696777
0.0	0.717116198382859	7000	1632.0551630242205	433443.5948972058	-0.003765323059881122	-406086.8427013266
0.0	0.7137177963097735	7100	3657.5568254087825	483659.5683818849	-0.007562254661156361	-447680.8156359016
0.0	0.7103354992091819	7200	2912.4126010634545	530255.3451995285	-0.005492471933437181	-491647.6924096506
0.0	0.7069692307598808	7300	3602.047603266965	579098.1149087702	-0.006220098996237319	-537100.3409582824
0.0	0.7036189150023506	7400	6906.604661584247	632752.800532529	-0.010915170435866269	-586398.1161384681
0.0	0.7002844763370424	7500	11038.252594121963	692515.6003265241	-0.01593935586276667	-634010.7732730912
0.0	0.6969658395226735	7600	12556.855177729516	755776.618778317	-0.01661450601373085	-681315.118047862
0.0	0.6936629296745269	7700	12788.493308690066	818238.013352573	-0.01562930724312315	-734922.0216671461
0.0	0.6903756722627651	7800	13038.968721485804	884609.2202334664	-0.014739806485449649	-790619.3847311847
0.0	0.6871039931107439	7900	15175.593425992543	942622.501210703	-0.016099332878751604	-844264.4605829525
0.0	0.6838478183933421	8000	13200.35401865256	1007951.0672381334	-0.013096225052692872	-903924.9918234982
0.0	0.6806070746352959	8100	12866.394634630195	1081831.1254452467	-0.011893163666681158	-966300.4780371533
0.0	0.677381688709537	8200	13659.520848661297	1154839.1770739772	-0.011828071925365839	-1030591.3282311466
0.002410376983288627	0.6765777333528342	8300	26349.629797920676	1172893.3459375727	-0.02246549516985932	-1046776.3186627332
0.005624212961006774	0.6765777333528342	8400	42434.91171778961	1173061.1336197206	-0.0361745100077163	-1046769.5307402611
0.008838048938724901	0.6765777333528342	8500	58394.649404212556	1173314.2962123302	-0.049768974598469476	-1046731.8713927941
0.012051884916443028	0.6765777333528342	8600	74208.57135890968	1173565.5347231722	-0.06323342767254532	-1046683.4052823208
0.015265720894161155	0.6765777333528342	8700	89939.11190921941	1173899.0103338356	-0.0766157149102991	-1046610.780629354
0.01847955687187928	0.6765777333528342	8800	105643.22401501492	1174350.2499646484	-0.08995887216628523	-1046503.047534047
0.02169339284959741	0.6765777333528342	8900	121240.48046532823	1174899.3770589451	-0.10319222465571667	-1046383.8899738939
0.024907228827315536	0.6765777333528342	9000	136739.76326214842	1175530.0944900413	-0.11632178870032905	-1046235.7537890776
0.028121064805033662	0.6765777333528342	9100	152129.67083344734	1176155.672706288	-0.12934484300314	-1046030.0280540753
0.03133490078275179	0.6765777333528342	9200	167380.15707226895	1176877.7393358706	-0.14222391288216907	-1045786.7858682583
0.03454873676046992	0.6765777333528342	9300	182480.9825356573	1177625.7178183259	-0.1549566893577378	-1045493.0963061233
0.03776257273818805	0.6765777333528342	9400	197456.43748293808	1178381.5833668371	-0.16756578706769276	-1045131.331776277
0.040976408715906174	0.6765777333528342	9500	212233.13165701772	1179213.6338010777	-0.17997852600542394	-1044791.0732918595
0.0441902446936243	0.6765777333528342	9600	226868.200436527	1180083.1694298172	-0.19224763670355818	-1044435.2214177808
0.04740408067134243	0.6765777333528342	9700	241325.0586710293	1181030.3023608148	-0.2043343495832696	-1044062.3702539369
0.050617916649060554	0.6765777333528342	9800	255663.25419022446	1181988.3529591053	-0.21629930070814324	-1043640.2521773223
0.05383175262677868	0.6765777333528342	9900	269847.57824775256	1183020.6850975088	-0.22810047334507152	-1043205.7539262054
0.05704558860449681	0.6765777333528342	10000	283872.6995573464	1184107.076220793	-0.2397356668649909	-1042718.9167312192
0.060259424582214935	0.6765777333528342	10100	297678.36140352144	1185360.0033333877	-0.25112907518931876	-1042269.185149497
0.06347326055993306	0.6765777333528342	10200	311265.97119877615	1186720.082009439	-0.26229097823280995	-1041825.7003272468
0.06668709653765119	0.6765777333528342	10300	324661.0674756398	1188102.0300027535	-0.2732602581908621	-1041323.657574174
0.06990093251536932	0.6765777333528342	10400	337881.76901589334	1189573.9363714512	-0.2840359549626076	-1040791.2281575996
0.07311476849308744	0.6765777333528342	10500	350933.42837938614	1191159.330388703	-0.29461501868508927	-1040290.0492212068
0.07632860447080557	0.6765777333528342	10600	363744.0773687836	1192929.239148697	-0.3049167255120347	-1039816.3067393922
0.0795424404485237	0.6765777333528342	10700	376375.0587185416	1194847.7058064854	-0.3149983524172229	-1039357.8417320023
0.08275627642624182	0.6765777333528342	10800	388843.9517358493	1196876.0553765325	-0.32488238860582813	-1038913.8976772027
0.08597011240395995	0.6765777333528342	10900	401087.5717915206	1199053.5548219113	-0.33450346748781534	-1038487.063417032
0.08918394838167808	0.6765777333528342	11000	413140.042752694	1201274.4358506452	-0.34391811764490077	-1038011.8454077857
0.0923977843593962	0.6765777333528342	11100	425015.4599360021	1203514.8060320932	-0.3531451859219325	-1037496.0441811731
0.09561162033711433	0.6765777333528342	11200	436738.13305933046	1205784.9283978015	-0.3622023486722881	-1036956.3894841667
0.09882545631483246	0.6765777333528342	11300	448248.86909756984	1208199.7198300527	-0.3710056058948774	-1036435.8650187477
0.10203929229255058	0.6765777333528342	11400	459530.6564138966	1210715.8126984236	-0.3795528658287713	-1035957.6656448288
0.10525312827026871	0.6765777333528342	11500	470570.664635163	1213376.6825606874	-0.38781910959594135	-1035568.1888840065
0.10846696424798684	0.6765777333528342	11600	481332.5124317722	1216212.806003486	-0.3957633977013004	-1035211.9897771776
0.11168080022570497	0.6765777333528342	11700	491748.64136045566	1219200.8036603897	-0.4033368743557956	-1034919.8425431787
0.11489463620342309	0.6765777333528342	11800	501804.928692591	1222321.3235521156	-0.41053438160951444	-1034680.0081012613
0.11810847218114122	0.6765777333528342	11900	511526.66899136495	1225495.8930296255	-0.4174038215067271	-1034444.5605829543
0.12132230815885935	0.6765777333528342	12000	520890.9303477191	1228657.7182648957	-0.42395121326655455	-1034248.393263457
0.12453614413657747	0.6765777333528342	12100	529918.8906163299	1231762.188188306	-0.4302120130800105	-1034073.06121335
0.12774998011429678	0.6765777333528342	12200	538786.8470176077	1234897.4937033684	-0.43630086688557834	-1033868.00569556
0.1309638160920163	0.6765777333528342	12300	547290.3148883468	1238220.0764191614	-0.4419976103691267	-1033694.0771212574
0.1341776520697358	0.6765777333528342	12400	555414.8326579571	1241720.6763676438	-0.44729450288505307	-1033521.8389103664
0.13739148804745532	0.6765777333528342	12500	563306.6402522965	1245313.1983869944	-0.452341339497506	-1033327.0951854829
0.14060532402517484	0.6765777333528342	12600	570862.4297822732	1248954.4923780244	-0.45707224183592493	-1033140.6516874799
0.14381916000289435	0.6765777333528342	12700	578230.1396046428	1252916.1995649603	-0.46150743346236306	-1033107.6513298699
0.14703299598061387	0.6765777333528342	12800	585426.4489622858	1256923.6063605195	-0.4657613605153102	-1033136.0090519147
0.15024683195833338	0.6765777333528342	12900	592446.6097542137	1260997.8131822334	-0.4698236615170055	-1033351.2655472104
0.1534606679360529	0.6765777333528342	13000	599271.3648796892	1265137.8708732326	-0.4736806783485627	-1033623.3658703904
0.1566745039137724	0.6765777333528342	13100	605931.1841048803	1269176.2581105365	-0.4774208312145309	-1033837.1256786702
0.15988833989149193	0.6765777333528342	13200	612505.9305697232	1273014.106522113	-0.481146224092595	-1033986.6933723203
0.16310217586921144	0.6765777333528342	13300	619081.3813745488	1276647.8103534111	-0.4849273044248359	-1034077.8243961171
0.16631601184693096	0.6765777333528342	13400	625457.3868123604	1280313.1619033483	-0.48851906347860896	-1034179.0171100973
0.16952984782465047	0.6765777333528342	13500	631571.4632151158	1284006.3639342696	-0.4918756487155908	-1034279.9110502925
0.17274368380236998	0.6765777333528342	13600	637353.497351332	1287681.97694125	-0.494961884040108	-1034399.485844364
0.1759575197800895	0.6765777333528342	13700	642791.5417142317	1291652.591236244	-0.49765048750377555	-1034612.3239546395
0.17917135575780901	0.6765777333528342	13800	648016.5420420774	1295609.0753455108	-0.5001636329764558	-1034874.3688577027
0.18238519173552853	0.6765777333528342	13900	653054.7711630904	1299534.4365008725	-0.5025297928398929	-1035147.7641875786
0.18559902771324804	0.6765777333528342	14000	657927.7208709982	1303448.9044804461	-0.5047591191411126	-1035413.1410488429
0.18881286369096756	0.6765777333528342	14100	662501.9037641869	1307821.278426088	-0.5065691426595247	-1035865.0606072051
0.19202669966868707	0.6765777333528342	14200	666470.0793838702	1312196.7365410074	-0.5079040823868429	-1036320.9839251988
0.1952405356464066	0.6765777333528342	14300	669846.4693170114	1316760.808115728	-0.508707781389359	-1036783.0926869033
0.1984543716241261	0.6765777333528342	14400	673135.4888216181	1321335.3746561492	-0.5094357585005912	-1037261.4948127852
0.20166820760184562	0.6765777333528342	14500	676337.9904864474	1326009.2681738131	-0.5100552512863681	-1037797.9910667007
0.20488204357956513	0.6765777333528342	14600	679109.4086389504	1330713.9417031724	-0.5103346311753243	-1038415.3027539799
0.20809587955728465	0.6765777333528342	14700	680844.6597966426	1335573.741053947	-0.5097769137474691	-1039119.2933236579
0.21130971553500416	0.6765777333528342	14800	681996.0161191043	1340722.875118364	-0.5086778399741223	-1039884.632191095
0.21452355151272368	0.6765777333528342	14900	682636.1460874836	1345695.8611352497	-0.5072737204613242	-1040603.2461395524
0.2177373874904432	0.6765777333528342	15000	680416.4257888263	1351000.026294678	-0.5036390914476674	-1041877.6829579282
0.2209512234681627	0.6765777333528342	15100	675472.2326733212	1356463.0212321514	-0.4979658288507945	-1043499.0172488218
0.22416505944588222	0.6765777333528342	15200	671226.0876641932	1361611.9954945054	-0.49296428783327495	-1044804.3789108234
0.22737889542360173	0.6765777333528342	15300	661872.7885028213	1367462.4241582185	-0.484015338783628	-1046438.9949025713
0.23059273140132125	0.6765777333528342	15400	641059.2600784989	1372563.1972319467	-0.46705263653529794	-1048576.4317591956
0.23380656737904076	0.6765777333528342	15500	631350.3431146874	1375759.7641034792	-0.4589103123873593	-1049391.912459302
0.23702040335676028	0.6765777333528342	15600	624583.9413189125	1378264.5032821218	-0.45316696456417715	-1049955.0790069776
0.2402342393344798	0.6765777333528342	15700	617407.5008040348	1380138.3161059872	-0.4473519020514037	-1050548.7104430178
0.2434480753121993	0.6765777333528342	15800	608613.4510564327	1382435.908985078	-0.44024713702876045	-1052059.4955444944
0.24666191128991882	0.6765777333528342	15900	595218.6110720171	1383111.7688358915	-0.4303474415325005	-1053547.50640071
0.24987574726763834	0.6765777333528342	16000	587503.5850089279	1383354.4180073948	-0.42469491358199957	-1054147.4953876499
0.2530895832453552	0.6765777333528342	16100	588368.6584747632	1384345.6323010575	-0.4250157220467966	-1054155.7134451878
0.2563034192230719	0.6765777333528342	16200	587212.0140150825	1383940.1571374119	-0.4243044838222568	-1054264.5462749747
0.25951725520078867	0.6765777333528342	16300	580869.2284405443	1382642.0905947222	-0.42011539529415914	-1055030.9777758552
0.2627310911785054	0.6765777333528342	16400	571717.5685121232	1381937.1175487903	-0.413707368629194	-1055670.2555759388
0.26594492715622214	0.6765777333528342	16500	554839.6999944977	1377757.1345156778	-0.4027122677100418	-1055997.9363847573
0.2691587631339389	0.6765777333528342	16600	555038.4043275963	1379396.7217979005	-0.4023776449201368	-1056329.875102794
0.2723725991116556	0.6765777333528342	16700	555231.1970155645	1381078.4670204031	-0.40202726367419495	-1056723.2038111805
0.27558643508937236	0.6765777333528342	16800	548579.024980103	1383195.9539853144	-0.3966025373335696	-1057856.6158067237
0.2788002710670891	0.6765777333528342	16900	530728.7164973002	1383899.3931101551	-0.38350238401691056	-1059986.9165110944
0.28201410704480584	0.6765777333528342	17000	527900.1903792311	1386656.4076467946	-0.38070006922269706	-1060856.0832360056
0.2852279430225226	0.6765777333528342	17100	525330.9621388629	1389618.421186064	-0.3780397223652833	-1061803.7943405502
0.2884417790002393	0.6765777333528342	17200	517406.1188036298	1393759.432519291	-0.3712305773374333	-1063233.2273036554
0.29165561497795606	0.6765777333528342	17300	512454.4842803873	1399155.4719761873	-0.36625985785310133	-1064915.3045790798
0.2948694509556728	0.6765777333528342	17400	507025.84881954745	1404153.625246109	-0.361090011593767	-1066595.6450085458
0.29808328693338954	0.6765777333528342	17500	501208.42759867426	1408032.1864706967	-0.3559637573733157	-1068051.0323169583
0.3012971229111063	0.6765777333528342	17600	493806.52559496206	1411244.0024076963	-0.3499086796843694	-1069929.7279368518
0.304510958888823	0.6765777333528342	17700	485958.839018919	1415389.6960681085	-0.3433392516342966	-1071830.3518988376
0.30772479486653975	0.6765777333528342	17800	473023.02287436964	1418372.468529948	-0.3334970421166082	-1073307.793683461
0.3109386308442565	0.6765777333528342	17900	416178.21086430456	1415207.632457931	-0.2940757252287332	-1073940.9562717632
0.31415246682197323	0.6765777333528342	18000	424336.48375254736	1416505.4024656003	-0.29956573622235255	-1073828.9713751648
0.31736630279968997	0.6765777333528342	18100	418718.01531933236	1417809.7352597378	-0.2953273665049455	-1075078.551058438
0.3205801387774067	0.6765777333528342	18200	412383.3125735494	1418901.423330403	-0.29063563246389285	-1076041.5143695835
0.32379397475512345	0.6765777333528342	18300	404619.2785746695	1418425.964674144	-0.2852593569574306	-1076504.8795579416
0.3270078107328402	0.6765777333528342	18400	402123.0461931381	1418890.588521782	-0.2834066625334903	-1076891.43740958
0.3302216467105569	0.6765777333528342	18500	400815.78914006025	1419471.9634243594	-0.2823696412947284	-1077036.1762241686
0.33343548268827367	0.6765777333528342	18600	399849.82509299956	1420135.2980077383	-0.2815575569834338	-1077400.440020349
0.3366493186659904	0.6765777333528342	18700	400557.2154945835	1421236.8912657907	-0.28183705190613	-1077938.8089406986
0.33986315464370714	0.6765777333528342	18800	401722.7994214371	1421556.018524433	-0.2825937171567977	-1078114.924974782
0.3430769906214239	0.6765777333528342	18900	402453.85134336696	1420914.5263110579	-0.28323579208399496	-1078025.2758649755
0.3462908265991406	0.6765777333528342	19000	402627.11782209086	1420014.1323684312	-0.2835374019486356	-1077884.7651708198
0.34950466257685736	0.6765777333528342	19100	402669.8124765144	1418690.1169909406	-0.28383211220966426	-1077672.7419229506
0.3527184985545741	0.6765777333528342	19200	403228.65979163465	1417255.6790892216	-0.2845137018965862	-1077463.5058550544
0.35593233453229084	0.6765777333528342	19300	405540.98854750453	1416717.484000074	-0.2862539589773873	-1077308.7175456642
0.3591461705100076	0.6765777333528342	19400	408019.38493910106	1416072.0794480748	-0.28813461606991775	-1077013.8587609914
0.3623600064877243	0.6765777333528342	19500	408482.89874765323	1414380.2491122154	-0.28880698737418853	-1076463.9404714606
0.36557384246544106	0.6765777333528342	19600	408730.31683191215	1412387.4484080086	-0.2893896552908467	-1075799.2518736897
0.3687876784431578	0.6765777333528342	19700	408666.4938530068	1410831.7243246322	-0.289663527412269	-1075335.5823082153
0.37200151442087454	0.6765777333528342	19800	406529.4778582453	1408611.5389767194	-0.2886029729343032	-1074718.645860742
0.3752153503985913	0.6765777333528342	19900	406730.5632561855	1407434.011158339	-0.2889873059991212	-1074191.5464349985
0.378429186376308	0.6765777333528342	20000	407490.66835956095	1406967.9725302986	-0.28962327239526825	-1074110.0489836738
0.38164302235402475	0.6765777333528342	20100	407806.989908182	1406413.4358893326	-0.28996238197220364	-1074154.3746009995
0.3848568583317415	0.6765777333528342	20200	406840.26396573416	1405487.3549219994	-0.2894656167065357	-1073941.0209502466
0.38807069430945823	0.6765777333528342	20300	403345.5991244399	1403945.369512792	-0.28729436905683303	-1073433.474308178
0.39128453028717497	0.6765777333528342	20400	402328.139156686	1403763.5919367103	-0.2866067630387904	-1073106.6882603979
0.3944983662648917	0.6765777333528342	20500	401646.23000838	1404056.4941831043	-0.2860613028552404	-1072938.3717115708
0.39771220224260845	0.6765777333528342	20600	403203.84215426573	1404694.7156443696	-0.2870401929071868	-1072964.1275511545
0.4009260382203252	0.6765777333528342	20700	404179.40828650026	1405474.1484844936	-0.2875751280963241	-1073240.231992338
0.4041398741980419	0.6765777333528342	20800	399026.18827922683	1404430.2612861723	-0.28411961724165646	-1073548.6554939754
0.40735371017575867	0.6765777333528342	20900	396707.2768155373	1403589.4986627463	-0.2826376780344222	-1073569.4338902233
0.4105675461534754	0.6765777333528342	21000	397113.4686167962	1403971.1022005216	-0.2828501726241931	-1073734.3932702935
0.41378138213119214	0.6765777333528342	21100	397481.32754390535	1404436.899447469	-0.2830182884686964	-1073962.4181375746
0.4169952181089089	0.6765777333528342	21200	393702.90060079645	1404860.7050192605	-0.28024337159846663	-1074545.7352042685
0.4202090540866256	0.6765777333528342	21300	392273.9056436864	1405648.7242285432	-0.27906965579823406	-1074884.1717751233
0.42342289006434236	0.6765777333528342	21400	392105.8188371687	1406555.8979520942	-0.2787701643482948	-1075323.6118348073
0.4266367260420591	0.6765777333528342	21500	391719.8574370937	1407457.021798101	-0.27831745578749595	-1075775.1308414522
0.42985056201977584	0.6765777333528342	21600	392815.50882990897	1408438.179717528	-0.27890149137301207	-1076065.073676728
0.4330643979974926	0.6765777333528342	21700	392663.2032070764	1409071.489993732	-0.27866804913413096	-1076441.6214975792
0.4362782339752093	0.6765777333528342	21800	393043.3026648459	1409051.3902249576	-0.27894177983252677	-1076685.6214551455
0.43949206995292606	0.6765777333528342	21900	394367.4323326943	1409007.577303621	-0.279890213995431	-1076853.003444264
0.4427059059306428	0.6765777333528342	22000	395651.8084665738	1408937.5016945961	-0.2808157267378465	-1076902.9052448804
0.44591974190835953	0.6765777333528342	22100	397174.4702452924	1408498.2612105336	-0.28198435254292814	-1076785.572504686
0.4491335778860763	0.6765777333528342	22200	398757.5250568775	1408035.6670957678	-0.28320129551786133	-1076565.4748443754
0.452347413863793	0.6765777333528342	22300	399650.72405114386	1407917.8960913082	-0.28385939631896345	-1076527.699820844
0.45556124984150975	0.6765777333528342	22400	400999.7814859949	1407754.3640303058	-0.2848506754672453	-1076339.9839391958
0.4587750858192265	0.6765777333528342	22500	401459.70513209875	1407465.6728583358	-0.2852358767065337	-1075917.1648725744
0.46198892179694323	0.6765777333528342	22600	395250.296690491	1406176.058541882	-0.28108165708662486	-1075146.5176467954
0.46520275777465997	0.6765777333528342	22700	394400.2155411336	1404938.7485073293	-0.28072413545441915	-1074385.0123023812
0.4684165937523767	0.6765777333528342	22800	394220.9906449773	1404088.2229246178	-0.28076653888873343	-1073765.5103268197
0.47163042973009345	0.6765777333528342	22900	394814.51854159543	1403096.4167459996	-0.2813880171237499	-1073143.2739609808
0.4748442657078102	0.6765777333528342	23000	396699.00937942415	1403592.3591303434	-0.2826312118321991	-1072942.666317426
0.4780581016855269	0.6765777333528342	23100	397965.277803188	1403480.578370599	-0.28355595648157406	-1072953.4308227345
0.48127193766324367	0.6765777333528342	23200	401280.0317122629	1403623.7590699028	-0.2858886002173168	-1073041.6106774567
0.4844857736409604	0.6765777333528342	23300	405103.266566179	1403683.1942478544	-0.2886002113769328	-1073036.8875731674
0.48769960961867714	0.6765777333528342	23400	409480.23357833305	1404344.774418631	-0.29158098569338087	-1073220.8214943605
0.4909134455963939	0.6765777333528342	23500	412831.00741651014	1404887.1989564418	-0.2938534906739583	-1073343.229317771
0.4941272815741106	0.6765777333528342	23600	415221.3178767046	1405410.8150494061	-0.29544480050276817	-1073471.59369572
0.49734111755182736	0.6765777333528342	23700	417370.47417165723	1405995.804034674	-0.29685044078649625	-1073581.6213289697
0.500554953529545	0.6765777333528342	23800	419907.9173183893	1406867.5250182375	-0.2984701187931294	-1073780.2449580117
0.5037687895072673	0.6765777333528342	23900	421492.69885783386	1407438.2956638169	-0.2994750818962456	-1073803.1670970623
0.5069826254849896	0.6765777333528342	24000	421133.271175353	1406450.138209866	-0.2994299333720943	-1073419.4487048837
0.5101964614627119	0.6765777333528342	24100	421264.7440351659	1405246.6635942238	-0.2997799282851096	-1073123.8375693401
0.5134102974404342	0.6765777333528342	24200	410577.6266937202	1399680.7540426243	-0.29333662373214064	-1071365.001416411
0.5166241334181565	0.6765777333528342	24300	408767.85863247863	1397976.3637388817	-0.2923996923232885	-1070844.9978510682
0.5198379693958788	0.6765777333528342	24400	411310.9240557466	1398644.8687758278	-0.294078170404864	-1070901.1421170447
0.5230518053736011	0.6765777333528342	24500	415262.47050598083	1399916.1249563566	-0.2966338219148143	-1071113.2533360736
0.5262656413513234	0.6765777333528342	24600	419849.50643793435	1401262.2610753432	-0.2996223605677766	-1071231.475578703
0.5294794773290457	0.6765777333528342	24700	424525.1741903386	1402516.8897747525	-0.30268810114544736	-1071346.3213433218
0.532693313306768	0.6765777333528342	24800	428699.4503746073	1403638.8870342143	-0.3054200438122783	-1071478.4834377586
0.5359071492844902	0.6765777333528342	24900	432815.72497336013	1405015.6803670514	-0.3080504588107442	-1071690.625854317
0.5391209852622125	0.6765777333528342	25000	436185.22876310756	1406720.9698737082	-0.31007231576441713	-1071926.9778228502
0.5423348212399348	0.6765777333528342	25100	438447.4765103972	1408571.4078192033	-0.31127103253445704	-1072371.9383598957
0.5455486572176571	0.6765777333528342	25200	436564.211669761	1411058.4501538838	-0.30938775897068704	-1073314.3811357636
0.5487624931953794	0.6765777333528342	25300	433340.12065179914	1413866.1554704409	-0.30649302904319986	-1074256.226997124
0.5519763291731017	0.6765777333528342	25400	425214.9507176016	1417858.988604953	-0.2998993229474641	-1075961.5145677004
0.555190165150824	0.6765777333528342	25500	422556.47597737494	1420048.9885391607	-0.2975647174060306	-1076905.9931926236
0.5584040011285463	0.6765777333528342	25600	417837.2741697209	1421852.907055828	-0.29386814353034535	-1077626.4705630755
0.5616178371062686	0.6765777333528342	25700	412575.38784076436	1422969.1994973838	-0.289939787865045	-1078456.9048870706
0.5648316730839908	0.6765777333528342	25800	396696.6467678289	1422805.3314535858	-0.27881301679025217	-1080194.0421332445
0.5680455090617131	0.6765777333528342	25900	392174.73664168135	1422792.970800514	-0.2756372463809895	-1081179.533545377
0.5712593450394354	0.6765777333528342	26000	388744.3653823568	1422909.9292862122	-0.2732037758548542	-1082344.5053827537
0.5744731810171577	0.6765777333528342	26100	386498.28824342485	1423311.178223094	-0.2715486916402507	-1083289.8414866587
0.57768701699488	0.6765777333528342	26200	379816.8664157064	1423249.4842728265	-0.2668659786023139	-1083907.7744011502
0.5809008529726023	0.6765777333528342	26300	352172.0850271738	1418631.2589227154	-0.24824779717218928	-1083983.3435990524
0.5841146889503246	0.6765777333528342	26400	323052.6254589553	1407256.9543086565	-0.22956193214739623	-1082930.2387030346
0.5873285249280469	0.6765777333528342	26500	322731.0310842467	1404567.7020258417	-0.22977249912465167	-1082483.992410987
0.5905423609057692	0.6765777333528342	26600	322276.6419692694	1401630.4764537292	-0.22992981915223673	-1082168.9716025956
0.5937561968834915	0.6765777333528342	26700	322781.3986818814	1399026.1952407362	-0.23071862398283333	-1081797.8716910018
0.5969700328612138	0.6765777333528342	26800	323312.31902561587	1397002.464309337	-0.23143289098309355	-1081491.3844195756
0.600183868838936	0.6765777333528342	26900	311180.06126749516	1389351.7101773494	-0.2239750086231033	-1080560.7806733055
0.6033977048166583	0.6765777333528342	27000	313624.55084208987	1387198.99522198	-0.22608475923232887	-1080057.8445730738
0.6066115407943806	0.6765777333528342	27100	313985.4568258722	1384023.4318382011	-0.22686426371325957	-1079468.6608147582
0.6098253767721029	0.6765777333528342	27200	313645.57642424456	1380565.2425827465	-0.22718634856943073	-1079023.2452812244
0.6130392127498252	0.6765777333528342	27300	312540.06273776083	1376577.3626468237	-0.22704140807373313	-1078303.8994070326
0.6162530487275475	0.6765777333528342	27400	312825.8371590242	1373751.8556212795	-0.22771640735476836	-1077488.6443798393
0.6194668847052698	0.6765777333528342	27500	314994.0152473233	1372261.7112043956	-0.22954368884260562	-1077005.2261951442
0.6226807206829921	0.6765777333528342	27600	318178.4523401486	1371437.9267576637	-0.23200353886404623	-1076571.3116624537
0.6258945566607144	0.6765777333528342	27700	319208.0267600646	1369885.3236823855	-0.23301806453550597	-1075820.8303546356
0.6291083926384367	0.6765777333528342	27800	323178.28008895554	1369145.3297158647	-0.23604381001396244	-1075470.0475082924
0.6323222286161589	0.6765777333528342	27900	327718.5653080477	1368826.2849170603	-0.23941574538649713	-1075334.0046297435
0.6355360645938812	0.6765777333528342	28000	332432.668469226	1368971.1548935329	-0.24283394670582364	-1075253.8693329303
0.6387499005716035	0.6765777333528342	28100	337021.3089803235	1369033.4460343232	-0.24617463507306744	-1075134.1955598076
0.6419637365493258	0.6765777333528342	28200	341034.77010590053	1369147.0813411197	-0.24908556191921102	-1074980.9217710446
0.6451775725270481	0.6765777333528342	28300	345686.20800997294	1369439.149258961	-0.25242903870320393	-1074882.8691444972
0.6483914085047704	0.6765777333528342	28400	350909.9708217789	1369781.1030149339	-0.25617959690742875	-1074784.2248409744
0.6516052444824927	0.6765777333528342	28500	355425.93582482764	1369675.0220929175	-0.25949654486779117	-1074579.7968641166
0.654819080460215	0.6765777333528342	28600	359882.9671364759	1369415.0621085141	-0.2628005029989646	-1074281.5861124506
0.6580329164379373	0.6765777333528342	28700	364148.0691787998	1369213.0986869566	-0.2659542693011112	-1073975.1285776903
0.6612467524156596	0.6765777333528342	28800	368317.6017882744	1369343.7271317667	-0.2689738116811285	-1073845.3991692548
0.6644605883933818	0.6765777333528342	28900	371272.94213056326	1369953.978151294	-0.2710112515104948	-1073849.528048409
0.6676744243711041	0.6765777333528342	29000	371223.54462996864	1370438.8936395296	-0.270879311987487	-1074063.4054874775
0.6708882603488264	0.6765777333528342	29100	372014.2488012095	1370414.2579679282	-0.2714611633951022	-1074097.4210765932
0.6741020963265487	0.6765777333528342	29200	372387.3052827204	1369976.337250999	-0.271820246202175	-1074046.5389115156
0.677315932304271	0.6765777333528342	29300	372706.68349448225	1369570.094303613	-0.2721340696943247	-1073890.1535915907
0.6805297682819933	0.6765777333528342	29400	374218.4779344828	1369753.4864621211	-0.27320133267266655	-1073748.2880542055
0.6837436042597156	0.6765777333528342	29500	375955.9520234485	1369892.8351489105	-0.27444187047126295	-1073737.79246415
0.6869574402374379	0.6765777333528342	29600	376755.8410667755	1369779.7582712178	-0.2750484804522695	-1073686.5566356534
0.6901712762151602	0.6765777333528342	29700	376192.8231515564	1370585.1673161192	-0.2744760647659842	-1073899.8696493225
0.6933851121928825	0.6765777333528342	29800	376744.23644084693	1372393.2908693631	-0.27451623302689904	-1074424.8225169037
0.6965989481706047	0.6765777333528342	29900	377811.24299407855	1373936.7672802522	-0.2749844476045043	-1074949.2713285587
0.699812784148327	0.6765777333528342	30000	376300.16767941194	1374746.9669062677	-0.27372322088204953	-1075303.7263254726
0.7030266201260493	0.6765777333528342	30100	379476.1934609009	1375481.4982662157	-0.27588607621347716	-1075553.1099162668
0.7062404561037716	0.6765777333528342	30200	382714.27315784874	1376545.2744437468	-0.27802519849011226	-1075877.6836283386
0.7094542920814939	0.6765777333528342	30300	385301.1488142025	1377846.8944912648	-0.2796400313813279	-1076143.4351530075
0.7126681280592162	0.6765777333528342	30400	387502.87455353304	1379113.7184247025	-0.28097963886267446	-1076362.1313648634
0.7158819640369385	0.6765777333528342	30500	388973.3496390144	1380020.8033090662	-0.28186049710723154	-1076523.0173823463
0.7190958000146608	0.6765777333528342	30600	389832.8178906133	1380703.4751935538	-0.2823436204040586	-1076523.6978033283
0.7223096359923831	0.6765777333528342	30700	390886.9911546622	1381657.560405538	-0.2829116290145952	-1076641.6134687585
0.7255234719701054	0.6765777333528342	30800	391205.34987786994	1382815.2201317442	-0.28290500725078715	-1076674.445085296
0.7287373079478277	0.6765777333528342	30900	390100.7305212784	1383241.2070504634	-0.28201930981589585	-1076467.8176042761
0.7319511439255499	0.6765777333528342	31000	390004.95366467786	1384008.2601512116	-0.28179380491708	-1076281.300133826
0.7351649799032722	0.6765777333528342	31100	393515.6832612923	1385075.1530154352	-0.2841114306357837	-1076170.3907322825
0.7383788158809945	0.6765777333528342	31200	396582.7444931222	1385725.1062657738	-0.2861914983714382	-1075847.38511516
0.7415926518587168	0.6765777333528342	31300	397864.61494019604	1386194.250448689	-0.2870193804449943	-1075359.0942521763
0.7448064878364391	0.6765777333528342	31400	399266.847952581	1386461.9211432058	-0.28797534347237314	-1074775.5411803538
0.7480203238141614	0.6765777333528342	31500	399607.1443092023	1386725.317574166	-0.2881660407038975	-1074165.5175421548
0.7512341597918837	0.6765777333528342	31600	399642.329383229	1387222.9868572142	-0.2880880241817705	-1073984.2303511894
0.754447995769606	0.6765777333528342	31700	400382.1158841384	1387803.4380807255	-0.28850059374247566	-1074008.5676279508
0.7576618317473283	0.6765777333528342	31800	401953.34572469746	1389252.4634054508	-0.2893306697757412	-1074334.1581348672
0.7608756677250506	0.6765777333528342	31900	403443.58316884306	1390436.4770993511	-0.29015606956060586	-1074533.1532448747
0.7640895037027728	0.6765777333528342	32000	405564.939795185	1391372.9614308309	-0.2914854255742606	-1074807.3116018446
0.7673033396804951	0.6765777333528342	32100	407003.7991049107	1392082.8530749963	-0.29237038456861447	-1075083.034308093
0.7705171756582174	0.6765777333528342	32200	407318.02838506736	1393058.7720986395	-0.2923911298957213	-1075492.2880188834
0.7737310116359397	0.6765777333528342	32300	408236.5039923148	1394374.7784462734	-0.29277387277988876	-1075986.59913867
0.776944847613662	0.6765777333528342	32400	408480.6680791772	1395786.8683064485	-0.2926526086140927	-1076543.9260184225
0.7801586835913843	0.6765777333528342	32500	407714.0411395555	1396683.5660816522	-0.29191582906884433	-1077139.639226873
0.7833725195691066	0.6765777333528342	32600	403940.192990264	1397382.4432013961	-0.2890691771286599	-1077716.285577638
0.7865863555468289	0.6765777333528342	32700	401486.1426633337	1398055.0043936935	-0.2871747831105183	-1078388.5709376277
0.7898001915245512	0.6765777333528342	32800	399340.5846092348	1398732.112434789	-0.28550183488251946	-1079161.2427838247
0.7930140275022735	0.6765777333528342	32900	398649.4839654063	1399041.8900888127	-0.28494463731897235	-1079673.2464778794
0.7962278634799957	0.6765777333528342	33000	390632.99916872196	1397191.2328258248	-0.27958449064890367	-1080043.905785912
0.799441699457718	0.6765777333528342	33100	381840.0755736453	1392768.0285783822	-0.27415913327892427	-1079799.2012147345
0.8026555354354403	0.6765777333528342	33200	382046.4166327389	1392253.9072359402	-0.27440857924487394	-1079944.23183595
0.8058693714131626	0.6765777333528342	33300	376059.2521236251	1390416.6755719483	-0.27046514813189576	-1080259.4412500013
0.8090832073908849	0.6765777333528342	33400	375334.29735939816	1389544.8333010073	-0.2701131250783415	-1080260.689886864
0.8122970433686072	0.6765777333528342	33500	373235.37856568454	1388912.486624398	-0.26872490683181405	-1080192.9361410255
0.8155108793463295	0.6765777333528342	33600	367606.02834242437	1387404.5954235794	-0.26495950031806903	-1079942.3046674686
0.8187247153240518	0.6765777333528342	33700	363532.4979957601	1385632.1446111386	-0.2623585916432252	-1079549.7054107953
0.8219385513017741	0.6765777333528342	33800	359838.2511096314	1382855.635255424	-0.26021389502684167	-1078929.2199792208
0.8251523872794964	0.6765777333528342	33900	362127.02638235234	1382147.922085975	-0.2620030899701534	-1078781.2877189156
0.8283662232572186	0.6765777333528342	34000	364858.5457737097	1381483.7818332906	-0.2641062823694724	-1078567.38431501
0.8315800592349409	0.6765777333528342	34100	367091.86709822924	1381636.415282512	-0.26569353777720717	-1078637.2228889817
0.8347938952126632	0.6765777333528342	34200	367436.92919725465	1381936.7087416404	-0.2658854974131443	-1078837.9480941857
0.8380077311903855	0.6765777333528342	34300	368609.2657219287	1382813.9490964455	-0.2665646133833003	-1079203.5630709764
0.8412215671681078	0.6765777333528342	34400	370154.2460933676	1383786.7512288815	-0.2674937057784731	-1079549.8290674908
0.8444354031458301	0.6765777333528342	34500	370904.4906372938	1384685.4759534958	-0.26786190588291436	-1079805.272712819
0.8476492391235524	0.6765777333528342	34600	368448.04944073514	1386003.783897151	-0.26583480775552915	-1079987.830608697
0.8508630751012747	0.6765777333528342	34700	371681.55819490005	1387666.233822666	-0.26784651030313844	-1080102.4870408315
0.854076911078997	0.6765777333528342	34800	375416.4744923575	1389533.220008823	-0.27017452270048914	-1080251.665604085
0.8572907470567193	0.6765777333528342	34900	379222.6124509284	1391445.949159336	-0.27253851483059166	-1080363.7488670459
0.8605045830344416	0.6765777333528342	35000	381883.9590448998	1393302.9324154085	-0.2740853766688567	-1080331.9046011716
0.8637184190121638	0.6765777333528342	35100	381578.16689295165	1394727.7420167844	-0.27358613111200286	-1080025.6088756418
0.8669322549898861	0.6765777333528342	35200	378018.68426887563	1395969.2736474343	-0.2707929833449529	-1079801.8194423588
0.8701460909676084	0.6765777333528342	35300	373025.5045232802	1396508.9923356054	-0.26711285539193697	-1079583.0674809674
0.8733599269453307	0.6765777333528342	35400	372456.67668338196	1397399.5996513201	-0.2665355541652635	-1079445.4157553175
0.876573762923053	0.6765777333528342	35500	374108.25929040386	1397943.0879914702	-0.26761336888750836	-1079171.6578110608
0.8797875989007753	0.6765777333528342	35600	374679.6706428196	1398096.0288832122	-0.26799280085368005	-1078678.2963164945
0.8830014348784976	0.6765777333528342	35700	374972.920124205	1398056.522210948	-0.26821012896617824	-1078472.8698944587
0.8862152708562199	0.6765777333528342	35800	375840.02131156926	1398306.2877893355	-0.2687823294464025	-1078248.8499246244
0.8894291068339422	0.6765777333528342	35900	376127.0681709041	1397776.0788104166	-0.26908964452375567	-1077744.8803313382
0.8926429428116645	0.6765777333528342	36000	376858.59073317854	1396927.0088632752	-0.26977686617988766	-1077176.0724848032
0.8958567787893867	0.6765777333528342	36100	377821.0841277418	1395837.894725235	-0.27067690707889425	-1076431.389322254
0.899070614767109	0.6765777333528342	36200	379655.520366263	1394827.5579417585	-0.2721881412541719	-1075712.8933823933
0.9022844507448313	0.6765777333528342	36300	382031.6951857341	1393689.8709280146	-0.2741152842930193	-1074943.684103295
0.9054982867225536	0.6765777333528342	36400	386559.12919022824	1393461.2141854754	-0.2774093209448854	-1074448.9496483402
0.9087121227002759	0.6765777333528342	36500	390646.0979687108	1393680.2629080233	-0.2802982207365103	-1074183.2648735768
0.9119259586779982	0.6765777333528342	36600	392735.7499370158	1394091.5333637542	-0.28171446460864563	-1073853.2197813161
0.9151397946557205	0.6765777333528342	36700	395516.5531821985	1394330.0244044373	-0.283660644366556	-1073366.5207752478
0.9183536306334428	0.6765777333528342	36800	398562.8354361226	1394508.6941046326	-0.2858087849298254	-1072746.8941652467
0.9215674666111651	0.6765777333528342	36900	402386.8022468857	1394633.4382259645	-0.28852513586562184	-1072254.4291800924
0.9247813025888874	0.6765777333528342	37000	405751.8197153277	1394451.5778567656	-0.2909759120778918	-1071541.4458022786
0.9279951385666096	0.6765777333528342	37100	409759.82635882974	1394567.408998375	-0.29382575823504503	-1070799.988681068
0.9312089745443319	0.6765777333528342	37200	413655.0947779949	1394451.5076515488	-0.2966435853152383	-1069973.1490352845
0.9344228105220542	0.6765777333528342	37300	417443.30642294453	1394151.7698191982	-0.29942457877242523	-1069400.8187954994
0.9376366464997765	0.6765777333528342	37400	420520.94985403307	1394453.2597290727	-0.3015669022393305	-1068990.9812969125
0.9408504824774988	0.6765777333528342	37500	422680.3726940567	1394675.8225939772	-0.30306711125737273	-1068418.6244736882
0.9440643184552211	0.6765777333528342	37600	421895.97686860117	1394442.1160126743	-0.3025553890146319	-1068021.09178963
0.9472781544329434	0.6765777333528342	37700	418492.00440825906	1393771.7542240575	-0.3002586349880813	-1067774.6292780654
0.9504919904106657	0.6765777333528342	37800	415351.6435090641	1393551.462037099	-0.29805260503397657	-1067820.8372754997
0.953705826388388	0.6765777333528342	37900	413254.044697534	1393338.003253691	-0.29659281791820263	-1067893.0641114383
0.9569196623661103	0.6765777333528342	38000	411246.7737961328	1393364.5982180312	-0.29514656416710655	-1067880.0144654727
0.9601334983438325	0.6765777333528342	38100	410155.6068508917	1392969.009240825	-0.2944470437819924	-1067775.2409487425
0.9633473343215548	0.6765777333528342	38200	412048.2936703415	1393983.748486872	-0.2955904572901999	-1067947.1377697426
0.9665611702992771	0.6765777333528342	38300	410716.3942743519	1394856.905994375	-0.29445055798147096	-1068192.663306391
0.9697750062769994	0.6765777333528342	38400	410625.3136403043	1395670.7375044206	-0.29421360110661754	-1068414.0300859986
0.9729888422547217	0.6765777333528342	38500	413317.29011553334	1396922.646491237	-0.2958770058984265	-1068605.2230736173
0.976202678232444	0.6765777333528342	38600	415344.73014353676	1398406.4355355336	-0.29701288523066355	-1068818.1327516858
0.9794165142101663	0.6765777333528342	38700	416450.37806114723	1399642.0790127248	-0.2975406243536931	-1068997.5326962061
0.9826303501878886	0.6765777333528342	38800	418132.7213491042	1400963.8090583486	-0.29846075869022637	-1069177.9235707738
0.9858441861656109	0.6765777333528342	38900	420389.0246642586	1402453.3273617267	-0.2997525953003284	-1069442.591553214
0.9890580221433332	0.6765777333528342	39000	421128.24817951716	1403367.2031112763	-0.3000841456504559	-1069528.9855815293
0.9922718581210555	0.6765777333528342	39100	422207.92135726375	1404610.7696039812	-0.30058713096461726	-1069704.3698454488
0.9954856940987777	0.6765777333528342	39200	422611.1552418977	1405607.2062800648	-0.3006609196038037	-1070048.060765189
0.9986995300765	0.6765777333528342	39300	423091.9991411929	1405827.4166333552	-0.3009558599692161	-1070138.243356343
1.0019133660542223	0.6765777333528342	39400	424338.2648991069	1406530.2628836588	-0.3016915285058506	-1070317.6791889842
1.0051272020319446	0.6765777333528342	39500	425977.61778395495	1407375.2607109356	-0.3026752207998685	-1070631.7818630459
