# exz		ezz		i		sxz		szz		tanPhi		tens_media
0.0	0.9952591011350334	100	0.0452318410694614	0.09259985019215548	0.48846559660301886	-0.11691800957082273
0.0	0.9905406783921146	200	0.18261450034560875	0.3591417330075933	-0.5084747428719116	-0.34098766573547185
0.0	0.985844625214222	300	0.15946696014220926	0.6391289259419612	0.24950671714190312	-0.7900986933973476
0.0	0.9811708355495107	400	0.04761518327560952	0.006408015168200104	-7.430566567928984	-0.24223083140428833
0.0	0.9765192038489152	500	0.024829252525327042	0.8039076862547284	-0.030885701119493434	-0.7870664079595308
0.0	0.9718896250637694	600	0.06077008231289977	0.445313109158077	0.13646596307886288	-1.7356668627135703
0.0	0.967281994643432	700	0.33594473443989775	0.9347863158871728	-0.359381313922064	-0.5580390304885269
0.0	0.9626962085329236	800	0.04511501106808558	0.8003834606969437	-0.05636674579557296	-0.639007973498384
0.0	0.9581321631705821	900	0.22487564134561283	1.6387573482174762	-0.13722326956472022	-1.923317482325352
0.0	0.953589755485719	1000	0.8833235004124401	0.7300411110946309	-1.2099640513230496	-0.6130284902882567
0.0	0.9490688828962929	1100	0.3629431190219549	2.291724658451777	0.1583711715469121	-1.2961065856526055
0.0	0.9445694433065943	1200	0.1462517301827003	0.24129184486503819	0.6061196567356153	-0.6257409140567189
0.0	0.9400913351049396	1300	0.046866014952244135	4.425681840173191	0.010589558094038254	-3.972010952426896
0.0	0.9356344571613757	1400	1.0638017037437266	3.281046071461327	-0.32422638407815035	-1.9136033705737239
0.0	0.931198708825396	1500	1.0892703585346892	2.8320023441237665	-0.38462904552139915	-2.619952937747417
0.0	0.9267839899236674	1600	0.2986889543521644	0.6928986474202197	-0.4310716371928774	-2.362826348315079
0.0	0.922390200757769	1700	0.8518904422918651	1.4308394912155022	-0.5953780612863723	-2.3200623472418083
0.0	0.9180172421019399	1800	0.535038662765322	2.607219030669638	-0.20521431320939026	-1.402463674809557
0.0	0.9136650152008393	1900	1.8725450205929708	5.187084845103796	-0.36100142498353527	-5.692510907502825
0.0	0.9093334217673137	2000	0.19772909651736506	4.268807204982455	-0.046319519018469646	-3.859569669361745
0.0	0.9050223639801809	2100	0.39266024686143275	5.4154586156331606	-0.07250729342255789	-3.9332482193201987
0.0	0.9007317444820181	2200	0.041116055562280845	3.587320657827421	0.011461494380929372	-3.3773296853189927
0.0	0.896461466376964	2300	0.2469623535788962	2.2575725074694057	-0.10939287786407587	-3.8382277640394964
0.0	0.8922114332285309	2400	0.1572074864665612	8.586253426629598	-0.018309206432108607	-6.4193212044841
0.0	0.8879815490574275	2500	0.23972405013469358	7.481360996146753	0.032042839565977706	-10.122265577348559
0.0	0.8837717183393898	2600	0.17777334967832764	8.05925774798947	0.022058278223286317	-6.959865401858404
0.0	0.8795818460030254	2700	4.099924520686673	8.879019617158903	0.4617541910554491	-6.80761899844526
0.0	0.8754118374276647	2800	0.47342237482568444	7.315562846633616	-0.06471441565750995	-8.680771136329179
0.0	0.8712615984412256	2900	2.5948502018311483	24.085667520810336	-0.10773420332192012	-20.681595433417368
0.0	0.8671310353180863	3000	4.355096786375165	23.486021367348602	-0.18543356996301766	-21.32695408615436
0.0	0.8630200547769699	3100	1.4167870765795294	24.745957622830858	0.05725327336988519	-35.03794104031352
0.0	0.8589285639788339	3200	2.3096867104188736	36.43713786143976	-0.06338825840827471	-45.008275305172056
0.0	0.8548564705247795	3300	2.31833163130088	37.37083113369191	-0.06203585954530119	-37.48106594945789
0.0	0.8508036824539594	3400	7.24012854272367	52.03016653118037	0.13915251526986452	-53.48120970582618
0.0	0.8467701082415044	3500	9.08416034057927	81.79479925087392	-0.11106036598631559	-77.62345165114908
0.0	0.8427556567964546	3600	4.044506883141485	81.74561453129223	0.04947674448753759	-85.15704570784281
0.0	0.8387602374597039	3700	0.8400411018316227	119.36129982511454	0.007037801222527166	-106.1209858187893
0.0	0.8347837600019516	3800	18.333287614190834	170.38145066424133	-0.10760142927952261	-171.73516707524638
0.0	0.8308261346216657	3900	13.501455773513007	251.37844541017452	0.05370967964847847	-253.53394504134997
0.0	0.8268872719430533	4000	2.831437924604421	240.8787907776765	-0.011754616981690797	-250.79522632541406
0.0	0.8229670830140429	4100	24.549017647149462	348.77475457460775	-0.07038645235975097	-379.0452403196786
0.0	0.8190654793042771	4200	8.145036095587523	539.1764782483647	-0.015106438103621458	-565.1663295328555
0.0	0.8151823727031097	4300	68.1724800226234	643.4475227755131	-0.10594877998529108	-699.4705380921351
0.0	0.8113176755176205	4400	27.059022047910748	647.3741361013467	-0.04179812034331048	-689.6039972365912
0.0	0.8074713004706311	4500	2.9490130939340915	986.2224798782084	0.002990210783167581	-1038.3794461928271
0.0	0.8036431606987368	4600	7.03745242899264	1370.1973941321394	0.0051360865661622766	-1396.0309089871364
0.0	0.7998331697503421	4700	83.17513063611209	1735.2492789322375	0.04793266975871777	-1719.9172967415798
0.0	0.79604124158371	4800	42.848423563241326	3324.1075526177888	0.012890203726861213	-3445.5889699079344
0.0	0.7922672905650195	4900	48.60684690973284	5170.008460754867	-0.00940169581514298	-5180.290294461496
0.0	0.7885112314664289	5000	484.33068869871346	9066.942738756286	-0.05341719945229842	-9060.928356109385
0.0	0.7847729794641561	5100	456.0444098170362	12712.079826144967	0.03587488562485963	-12899.694570097266
0.0	0.7810524501365583	5200	144.78607178894507	17098.51330823349	-0.008467757937716484	-16785.928349454593
0.0	0.7773495594622268	5300	657.0900455759535	18801.055920767776	-0.03494963518778364	-18874.910819460623
0.0	0.7736642238180896	5400	1327.6698790812557	27061.5091006304	-0.0490611914562565	-27045.114582824917
0.0	0.7699963599775249	5500	1137.0762236785083	36617.62698820375	-0.031052701040534758	-36841.012400339074
0.0	0.7663458851084793	5600	1497.7233888863689	51816.88188615264	-0.028904158922125632	-51262.0765612787
0.0	0.7627127167715967	5700	2385.107128578696	67504.68957776319	-0.03533246569234469	-66102.95192762083
0.0	0.7590967729183591	5800	1607.8020539101312	88018.92096439378	-0.018266550376827888	-85058.46889700956
0.0	0.7554979718892307	5900	2098.769676724716	111435.72179274737	-0.018833903913038696	-108056.48849176633
0.0	0.7519162324118162	6000	1430.3924625420727	138666.15251040054	-0.010315368506635296	-134980.83539305849
0.0	0.7483514735990253	6100	2272.81742747582	165095.41987892785	-0.013766689767302949	-160638.47853672077
0.0	0.7448036149472429	6200	3212.987969977391	196254.2416653233	-0.016371559374785745	-190890.6826127787
0.0	0.7412725763345163	6300	5479.026565359426	232088.72444724257	-0.023607465543225455	-223752.9197426632
0.0	0.737758278018741	6400	6335.222440929262	267856.8291575676	-0.023651524812169523	-256219.5408582861
0.0	0.734260640635863	6500	6500.85950886676	305690.2305856413	-0.02126616704895153	-286896.24159966083
0.0	0.730779585198083	6600	6226.651413855709	346348.99757465837	-0.017977968631231574	-321970.67132898164
0.0	0.7273150330920763	6700	4297.456600378086	387393.08227813576	-0.011093271400475474	-361251.3051714891
0.0	0.7238669060772162	6800	1873.966128658023	427816.8035892434	-0.004380300429847679	-401888.2357383167
0.0	0.7204351262838076	6900	2397.4839356322177	473111.2789349135	-0.005067484210119714	-445502.0878894802
0.0	0.7170196162113261	7000	1390.532169894771	524113.01275033125	-0.0026531151413276793	-488328.2542938181
0.0	0.7136202987266712	7100	3385.7095926216266	572589.6125776962	-0.005912977668909791	-531406.5440356768
0.0	0.7102370970624213	7200	3339.891509863899	627980.8470902529	-0.005318460786406584	-574972.5700709881
0.0	0.7068699348151003	7300	11083.610898850244	682319.6898084792	-0.016244014447188693	-626219.3607389132
0.0	0.7035187359434566	7400	12070.264693539577	723862.9351815887	-0.016674793122971026	-673861.6828012274
0.0	0.7001834247667393	7500	7691.160106208348	788517.919163912	-0.009753944608340042	-729096.9379955187
0.0	0.6968639259629951	7600	292.0478040628441	846739.4227889322	0.0003449087124122756	-781478.8515522629
0.0	0.6935601645673608	7700	4112.631314250113	918415.1395986568	0.004477965504844916	-837856.2124035523
0.0	0.6902720659703776	7800	2567.3528496216995	987130.2709915078	0.002600824759474716	-899092.1597523593
0.0	0.6869995559163004	7900	1645.6805163235963	1049609.3430742787	0.0015678981205554446	-957302.659417217
0.0	0.683742560501424	8000	652.3088093655987	1119182.1302131605	0.0005828441964502768	-1017197.5016039956
0.0	0.6805010061724136	8100	295.89997827718764	1195310.119414196	-0.00024755080164652496	-1079020.7369572546
0.0	0.6772748197246415	8200	603.1560372989687	1276077.4115351608	0.00047266414392004106	-1147104.8453005431
0.0	0.6740639283005384	8300	402.20695144015434	1354725.1714816291	-0.00029689191572359334	-1214223.2452089235
0.0	0.6708682593879437	8400	1385.798533765148	1444142.0318857722	-0.000959599889185111	-1288525.5582358036
0.0	0.6676877408184693	8500	3733.940796398622	1538221.3676705086	-0.0024274404678523765	-1364889.9183311283
0.0	0.6645223007658714	8600	7396.955523745897	1636660.9738151194	-0.004519540480337422	-1439969.849492876
0.0	0.6613718677444251	8700	2283.328115479588	1726362.4089933587	-0.001322623861354231	-1516866.4063752398
0.0	0.6582363706073153	8800	1144.9603925587103	1822696.4235975537	-0.0006281684529225336	-1595948.3336685214
0.0	0.6551157385450236	8900	1884.5107521685334	1916036.2141239918	0.0009835465208209168	-1676016.2868887552
0.0	0.6520099010837336	9000	443.3383597278181	2016246.6260140191	-0.00021988300141846613	-1760144.575018838
0.0	0.6489187880837396	9100	1362.6960618994287	2119219.9873307548	0.0006430177471173253	-1842974.3361385956
0.0	0.6458423297378578	9200	462.08696082318204	2228745.3429199187	0.00020733053342819046	-1930532.1693265487
0.0	0.6427804565698559	9300	681.9309248656531	2340553.0988905765	-0.0002913546055369941	-2019492.198077738
0.0	0.6397330994328814	9400	900.5022137550421	2458634.0818012385	-0.00036626117746456946	-2110810.3587650456
0.0	0.6367001895078984	9500	2431.891627082038	2581716.0345484205	-0.0009419671236257442	-2204865.748759188
0.0	0.633681658302136	9600	2345.9536505162146	2701666.8759876224	-0.0008683356454369034	-2299752.657097561
0.0	0.6306774376475414	9700	1067.3984171097143	2816394.024979775	0.0003789947030289483	-2391991.4436949813
0.0	0.6276874596992381	9800	4240.060038001136	2944665.8250520434	0.0014399121292230834	-2491457.589879395
0.0	0.6247116569339954	9900	5336.267213733158	3080490.091326954	0.0017322786490231834	-2593167.194880096
0.0	0.6217499621487057	10000	13136.73583111773	3218342.014884305	0.004081833369592939	-2692607.553960361
0.0	0.6188023084588624	10100	11119.420821396954	3353819.7694112626	0.003315449721780632	-2790689.7490985845
0.0	0.6158686292970516	10200	8322.912925393079	3491966.5290711042	0.0023834457908183475	-2895953.343657907
0.0	0.612948858411448	10300	13892.494202068716	3641140.3832438616	0.003815423944102921	-3004925.2974843085
0.0	0.610042929864323	10400	15190.881493194229	3786366.4324932736	0.004011994550456446	-3114215.423100794
0.0010694088794575233	0.6082192726758775	10500	9483.155392451257	3889619.8459966513	0.0024380674122206803	-3185310.2023949907
0.00395970314826165	0.6082192726758775	10600	12285.932765558007	3889748.593604752	-0.003158541604914432	-3185362.0650563673
0.006849997417065776	0.6082192726758775	10700	33987.590333815446	3889773.5696325186	-0.008737678357207405	-3185263.721082997
0.009740291685869902	0.6082192726758775	10800	55654.38654282478	3889758.3088762383	-0.014307929213962779	-3185029.061442133
0.012630585954674029	0.6082192726758775	10900	77279.07593032424	3889692.4120259713	-0.01986765732205363	-3184674.2392661497
0.015520880223478155	0.6082192726758775	11000	98839.39586565844	3889667.145246876	-0.025410759372158344	-3184231.6892971382
0.018411174492282113	0.6082192726758775	11100	120316.46639717021	3889628.855532039	-0.030932634157639406	-3183673.355529493
0.021301468761086066	0.6082192726758775	11200	141657.7825815236	3889545.6273208917	-0.03642013647725149	-3183038.429029491
0.02419176302989002	0.6082192726758775	11300	162952.51977415624	3889385.245908846	-0.041896729038493216	-3182281.0328532085
0.027082057298693972	0.6082192726758775	11400	184194.6314022966	3889164.94958548	-0.047360971774141045	-3181409.896189342
0.029972351567497925	0.6082192726758775	11500	205369.701497535	3888868.408091115	-0.05280962993508503	-3180409.7132507376
0.03286264583630207	0.6082192726758775	11600	226400.95003584563	3888574.4998902488	-0.05822209399414505	-3179325.09962144
0.03575294010510637	0.6082192726758775	11700	247332.059016779	3888219.8622941445	-0.0636106155969398	-3178094.526509347
0.03864323437391067	0.6082192726758775	11800	268185.17209773255	3887775.4417654867	-0.06898165187646392	-3176725.249112634
0.04153352864271497	0.6082192726758775	11900	288946.4841228343	3887270.284996059	-0.07433146216719203	-3175227.4063558565
0.04442382291151927	0.6082192726758775	12000	309581.9287101233	3886836.6053847894	-0.07964881474081807	-3173662.6988545856
0.04731411718032357	0.6082192726758775	12100	330112.3422910956	3886350.155342972	-0.08494148213517395	-3171974.560860368
0.05020441144912787	0.6082192726758775	12200	350559.27798780706	3885863.6795147825	-0.09021399279543961	-3170202.3343073986
0.05309470571793217	0.6082192726758775	12300	370914.0711268448	3885361.0536867576	-0.09546450535784579	-3168329.490701173
0.05598499998673647	0.6082192726758775	12400	391158.58700244746	3884915.4989265925	-0.10068651097057969	-3166390.083485833
0.05887529425554077	0.6082192726758775	12500	411295.55490141094	3884426.3189359354	-0.1058832170136458	-3164328.6922004535
0.06176558852434507	0.6082192726758775	12600	431253.1930745442	3883964.5098715895	-0.11103427747047105	-3162220.923618725
0.06465588279314885	0.6082192726758775	12700	451121.8240598914	3883560.922348354	-0.11616190220265739	-3160032.7895426233
0.06754617706195246	0.6082192726758775	12800	470889.6137518148	3883139.8879531133	-0.12126516873952509	-3157753.7448667563
0.07043647133075606	0.6082192726758775	12900	490590.48221866915	3882684.2729428187	-0.12635343173212327	-3155401.6586517487
0.07332676559955967	0.6082192726758775	13000	510151.89041765657	3882186.4375950736	-0.1314083954024846	-3152953.4519951255
0.07621705986836327	0.6082192726758775	13100	529576.8829142135	3881613.6456819465	-0.13643214684782828	-3150382.0453707776
0.07910735413716688	0.6082192726758775	13200	548913.2110396681	3880993.193692395	-0.1414362725324518	-3147715.5423498075
0.08199764840597049	0.6082192726758775	13300	568157.6018791441	3880457.4463261254	-0.14641510949103562	-3145024.717796792
0.08488794267477409	0.6082192726758775	13400	587289.5380957328	3880010.659150434	-0.1513628671897323	-3142302.167150639
0.0877782369435777	0.6082192726758775	13500	606239.2994381689	3879606.701814187	-0.15626308181050372	-3139525.004233409
0.0906685312123813	0.6082192726758775	13600	625089.4987218047	3879224.5250200303	-0.1611377466527481	-3136715.4318841794
0.09355882548118491	0.6082192726758775	13700	643789.9732708354	3878877.4027289823	-0.16597327175586865	-3133897.40891473
0.09644911974998852	0.6082192726758775	13800	662365.2696120692	3878593.934028451	-0.17077458503734425	-3131030.420369892
0.09933941401879212	0.6082192726758775	13900	680857.5014221552	3878264.430147007	-0.1755572663198592	-3128065.4157321225
0.10222970828759573	0.6082192726758775	14000	699233.3910997155	3878060.3324557813	-0.18030492853547897	-3125101.1706607193
0.10512000255639933	0.6082192726758775	14100	717486.9123779705	3877857.544866636	-0.18502147231472005	-3122057.634748045
0.10801029682520294	0.6082192726758775	14200	735590.5003349413	3877630.4938824633	-0.18970103043480918	-3118924.4113231897
0.11090059109400655	0.6082192726758775	14300	753531.998868708	3877447.8228626573	-0.19433710865834103	-3115725.8993636514
0.11379088536281015	0.6082192726758775	14400	771315.4966654809	3877313.79295219	-0.19893037753805337	-3112515.6859765197
0.11668117963161376	0.6082192726758775	14500	788933.6340328114	3877282.752905833	-0.20347590937017537	-3109315.5124477553
0.11957147390041736	0.6082192726758775	14600	806413.0915949396	3877171.348819683	-0.2079900574526926	-3106017.3773533627
0.12246176816922097	0.6082192726758775	14700	823720.8464302972	3877078.680604342	-0.2124591514098185	-3102672.2840961437
0.12535206243802458	0.6082192726758775	14800	840850.2565986915	3877115.017029815	-0.21687524174685205	-3099323.0515867486
0.12824235670682818	0.6082192726758775	14900	857825.8549519024	3877114.501378746	-0.22125368096476125	-3095925.5717506073
0.1311326509756318	0.6082192726758775	15000	874611.5189888417	3877164.486110217	-0.2255801945267222	-3092514.4186069327
0.1340229452444354	0.6082192726758775	15100	891260.300264586	3877224.643570353	-0.22987068901013344	-3089013.1191643276
0.136913239513239	0.6082192726758775	15200	907742.7188579272	3877217.1489024316	-0.23412222839128122	-3085418.693610667
0.1398035337820426	0.6082192726758775	15300	924115.6394195653	3877158.159822946	-0.23834870833893604	-3081764.9863480665
0.1426938280508462	0.6082192726758775	15400	940333.2508857269	3877180.780378354	-0.2425301537768287	-3078090.7429582314
0.14558412231964982	0.6082192726758775	15500	956337.049425018	3877289.450005548	-0.24665093018104428	-3074394.6751308176
0.14847441658845342	0.6082192726758775	15600	972119.1817122116	3877445.395389236	-0.2507112499554944	-3070661.9469244555
0.15136471085725703	0.6082192726758775	15700	987717.5173793872	3877621.1314448398	-0.2547225435124844	-3066899.4640115113
0.15425500512606063	0.6082192726758775	15800	1003209.5343324923	3877715.2415239294	-0.25871150196635745	-3063046.8576941416
0.15714529939486424	0.6082192726758775	15900	1018587.0583737143	3877762.2186796144	-0.2626739343292032	-3059116.0887477375
0.16003559366366785	0.6082192726758775	16000	1033867.6289628224	3877786.7756648054	-0.2666128100314584	-3055124.9555370808
0.16292588793247145	0.6082192726758775	16100	1049025.0617776245	3877760.6581137874	-0.2705234165452308	-3051074.3071794747
0.16581618220127506	0.6082192726758775	16200	1064093.2211961492	3877759.128032309	-0.2744093137461331	-3046976.0753054586
0.16870647647007866	0.6082192726758775	16300	1079005.2036512813	3877822.7410971588	-0.27825026456624385	-3042876.4721048507
0.17159677073888227	0.6082192726758775	16400	1093676.0934139602	3878003.7390742647	-0.28202038136121976	-3038775.717709046
0.17448706500768588	0.6082192726758775	16500	1108125.2497817685	3878280.755553461	-0.28572589753720146	-3034688.108595755
0.17737735927648948	0.6082192726758775	16600	1122309.9453717805	3878669.0514873094	-0.28935439721040934	-3030616.289292564
0.1802676535452931	0.6082192726758775	16700	1136394.4782290156	3879054.280549223	-0.292956580661232	-3026486.4712053337
0.1831579478140967	0.6082192726758775	16800	1150351.698469537	3879384.83632838	-0.29652941046144843	-3022255.5704274564
0.1860482420829003	0.6082192726758775	16900	1164071.9071341748	3879839.5183983305	-0.3000309424176197	-3018019.632695489
0.1889385363517039	0.6082192726758775	17000	1177625.9352657138	3880413.347779715	-0.30347950842389637	-3013816.1954021943
0.1918288306205075	0.6082192726758775	17100	1190951.9881252288	3880941.5546469945	-0.30687192047486433	-3009624.982652173
0.19471912488931112	0.6082192726758775	17200	1204058.2266502497	3881546.2582590403	-0.31020066399783075	-3005422.7567754057
0.19760941915811472	0.6082192726758775	17300	1216972.7025589368	3882157.870945656	-0.31347841664731013	-3001186.4611764974
0.20049971342691833	0.6082192726758775	17400	1229703.153479584	3882767.66926024	-0.3167078893787822	-2996918.989754042
0.20339000769572194	0.6082192726758775	17500	1242270.4911982703	3883404.2443877324	-0.31989213922130066	-2992617.477713794
0.20628030196452554	0.6082192726758775	17600	1254679.1311941985	3884092.37141883	-0.3230301988765199	-2988347.375680968
0.20917059623332915	0.6082192726758775	17700	1266900.137376389	3884803.3217752576	-0.32611693113911555	-2984070.660104057
0.21206089050213275	0.6082192726758775	17800	1278846.5119984313	3885609.235483458	-0.32912380903359517	-2979835.20173365
0.21495118477093636	0.6082192726758775	17900	1290602.6997528854	3886576.3709207717	-0.33206672829308836	-2975713.8988123257
0.21784147903973997	0.6082192726758775	18000	1302177.5394467926	3887627.70858834	-0.33495427984785975	-2971612.4649516176
0.22073177330854357	0.6082192726758775	18100	1313445.0628443577	3888720.917763279	-0.337757604780707	-2967563.1658987626
0.22362206757734718	0.6082192726758775	18200	1324510.4457637258	3889861.120556777	-0.34050327369377686	-2963502.901672113
0.22651236184615078	0.6082192726758775	18300	1335431.3484939781	3890990.8127520187	-0.3432111286712226	-2959405.812905848
0.2294026561149544	0.6082192726758775	18400	1346158.340919606	3892158.626564564	-0.3458642028955023	-2955281.059649712
0.232292950383758	0.6082192726758775	18500	1356710.275842297	3893366.4560219264	-0.3484671404983863	-2951106.5904714777
0.2351832446525616	0.6082192726758775	18600	1367163.2169335973	3894606.7230570232	-0.35104012141705015	-2946880.6507907077
0.2380735389213652	0.6082192726758775	18700	1377375.899648544	3895988.648552636	-0.3535369386048495	-2942636.722679104
0.2409638331901688	0.6082192726758775	18800	1387450.9286358068	3897275.9394220146	-0.3560053099143841	-2938358.250900243
0.24385412745897242	0.6082192726758775	18900	1397391.3394347709	3898544.2704450353	-0.3584392641192844	-2934070.7693959833
0.24674442172777603	0.6082192726758775	19000	1407118.182708948	3899900.907385096	-0.36080870158632516	-2929796.62917392
0.24963471599657963	0.6082192726758775	19100	1416639.2991965301	3901231.546973598	-0.36312617750040904	-2925529.6215481902
0.25252501026538327	0.6082192726758775	19200	1425869.5243822683	3902624.394503408	-0.3653617105429138	-2921294.0590663254
0.25541530453418687	0.6082192726758775	19300	1434936.3322063568	3903981.2451313413	-0.3675571787123382	-2917060.152942701
0.2583055988029905	0.6082192726758775	19400	1443684.0711435452	3905517.3600211595	-0.369652452687017	-2912922.5244917297
0.2611958930717941	0.6082192726758775	19500	1452240.7228846075	3907038.003797619	-0.37169864267330843	-2908779.2751754546
0.2640861873405977	0.6082192726758775	19600	1460609.454537598	3908679.1003359794	-0.37368364530412534	-2904646.8265845333
0.2669764816094013	0.6082192726758775	19700	1468794.5388341267	3910218.3239388913	-0.37562980303221577	-2900477.3721897267
0.2698667758782049	0.6082192726758775	19800	1476734.9053178395	3911829.3599211085	-0.37750493936361823	-2896352.0787906013
0.2727570701470085	0.6082192726758775	19900	1484401.6213170092	3913324.9654574743	-0.37931979439981933	-2892273.9250260615
0.2756473644158121	0.6082192726758775	20000	1491821.894412549	3914599.959302529	-0.38109178713585573	-2888145.2814222057
0.2785376586846157	0.6082192726758775	20100	1498986.537119869	3915991.7609263384	-0.38278592720156274	-2884056.6522541903
0.2814279529534193	0.6082192726758775	20200	1505859.498182417	3917561.9937760527	-0.38438689689526817	-2880031.3700622856
0.28431824722222293	0.6082192726758775	20300	1512372.1362752756	3919053.4634204675	-0.38590239974815477	-2876082.0302416324
0.28720854149102654	0.6082192726758775	20400	1518719.7940280214	3920841.717279668	-0.38734534662157427	-2872305.7684547515
0.29009883575983014	0.6082192726758775	20500	1525015.9801193057	3922774.65160268	-0.3887595173218142	-2868663.8146057785
0.29298913002863375	0.6082192726758775	20600	1531073.780522383	3924757.269805249	-0.39010661686050124	-2865061.5305513605
0.29587942429743735	0.6082192726758775	20700	1536901.3396568154	3926531.0295639383	-0.3914145407447592	-2861435.8696245663
0.29876971856624096	0.6082192726758775	20800	1542471.1255110146	3928120.690982502	-0.392674066520398	-2857771.116510568
0.30166001283504457	0.6082192726758775	20900	1547787.7331076027	3929663.0932359635	-0.39387288334508197	-2854096.2674636045
0.3045503071038482	0.6082192726758775	21000	1552978.651969966	3931085.233759891	-0.39505087262751054	-2850413.69885019
0.3074406013726518	0.6082192726758775	21100	1557955.618333147	3932412.374108453	-0.3961831746311608	-2846743.33446143
0.3103308956414554	0.6082192726758775	21200	1562238.6060264222	3933960.45859547	-0.39711599098893424	-2843198.14698316
0.313221189910259	0.6082192726758775	21300	1565481.9197797426	3935628.931821132	-0.39777172769571745	-2839739.485467048
0.3161114841790626	0.6082192726758775	21400	1568104.873014696	3937539.129908198	-0.39824489897863075	-2836384.876713987
0.3190017784478662	0.6082192726758775	21500	1570699.711100488	3939795.7426429996	-0.398675417128805	-2833159.0771847405
0.3218920727166698	0.6082192726758775	21600	1571705.8417122432	3943078.3104618993	-0.3985986881219538	-2830276.2941887174
0.3247823669854734	0.6082192726758775	21700	1574204.4596593748	3946112.983041585	-0.39892533904237315	-2827398.1092876126
0.327672661254277	0.6082192726758775	21800	1575016.9890762796	3949333.180926451	-0.3988058026309154	-2824816.4749486246
0.3305629555230806	0.6082192726758775	21900	1575342.7626399377	3953061.869719378	-0.3985120432106389	-2822590.943191165
0.33345324979188423	0.6082192726758775	22000	1575533.0146827328	3956857.2074638153	-0.3981778800889773	-2820574.64502126
0.33634354406068784	0.6082192726758775	22100	1570724.4786219872	3959810.4627482253	-0.3966665812413299	-2819539.356234445
0.33923383832949144	0.6082192726758775	22200	1539291.524411295	3963503.412231908	-0.3883663931411874	-2823357.3747033016
0.34212413259829505	0.6082192726758775	22300	1509891.806081051	3967577.744490622	-0.38055758533722156	-2827582.1731956177
0.34501442686709866	0.6082192726758775	22400	1496009.3068574718	3969478.7007710934	-0.3768780284844112	-2828573.5653212457
0.34790472113590226	0.6082192726758775	22500	1463053.677534169	3970290.199627712	-0.368500437996033	-2832560.061027402
0.35079501540470587	0.6082192726758775	22600	1466227.5080437483	3971685.6913475655	-0.3691700758793598	-2830722.217591789
0.3536853096735095	0.6082192726758775	22700	1466834.882833147	3973395.3022720227	-0.3691640955014966	-2829811.975976734
0.3565756039423131	0.6082192726758775	22800	1465425.0518514363	3975334.3470277367	-0.36862938407862467	-2829617.2274551247
0.3594658982111167	0.6082192726758775	22900	1463820.32331054	3977356.0476964586	-0.36803854262892355	-2829476.5997547344
0.3623561924799203	0.6082192726758775	23000	1461864.5327740693	3978969.3015426314	-0.36739779123385297	-2829335.710318176
0.3652464867487239	0.6082192726758775	23100	1458525.2517115073	3980991.7692949674	-0.3663723353966672	-2829562.013887049
0.3681367810175275	0.6082192726758775	23200	1456735.3710109408	3983709.130272075	-0.3656731260676781	-2829897.7018360053
0.3710270752863311	0.6082192726758775	23300	1442699.5057627168	3986804.933784159	-0.3618685964636219	-2833573.243861674
0.3739173695551347	0.6082192726758775	23400	1424356.4936743905	3989271.385034603	-0.35704677776942856	-2837474.2226941823
0.3768076638239383	0.6082192726758775	23500	1395407.6942186968	3992588.302312896	-0.34949951975021837	-2843443.288482524
0.3796979580927419	0.6082192726758775	23600	1342155.8375077485	3997726.39550954	-0.3357297885656531	-2855831.606079971
0.38258825236154553	0.6082192726758775	23700	1330753.7237709314	4000272.8185396264	-0.33266574159728124	-2857848.3234902048
0.38547854663034914	0.6082192726758775	23800	1277202.8073082156	4001583.81149251	-0.3191743238365023	-2869291.9881377816
0.38836884089915275	0.6082192726758775	23900	1243796.831756825	3998554.330024766	-0.31106163105432194	-2877533.235101892
0.39125913516795635	0.6082192726758775	24000	1224223.7439634616	3994250.9319611066	-0.3064964532316925	-2881446.678100653
0.39414942943675996	0.6082192726758775	24100	1209966.763888076	3994675.030854976	-0.30289491749447967	-2885380.1114704623
0.39703972370556356	0.6082192726758775	24200	1212636.1232944143	3995124.284980309	-0.3035290110631417	-2884972.6311734323
0.39993001797436717	0.6082192726758775	24300	1215416.3399801734	3996156.9202306583	-0.30414629961778866	-2884531.867591273
0.4028203122431708	0.6082192726758775	24400	1218075.536000249	3996620.437514543	-0.3047763867108075	-2883818.3007626585
0.4057106065119744	0.6082192726758775	24500	1220798.0443712152	3996874.574126846	-0.30543816718039235	-2882848.315839559
0.408600900780778	0.6082192726758775	24600	1222411.2522049025	3997078.9155598963	-0.3058261490525692	-2881969.3363646786
0.4114911950495816	0.6082192726758775	24700	1224815.448230296	3997690.942792245	-0.30638072471275274	-2881250.3765745834
0.4143814893183852	0.6082192726758775	24800	1225471.7812664127	3998153.579355294	-0.3065094316522031	-2880862.1725667887
0.4172717835871888	0.6082192726758775	24900	1223868.0918498044	3998151.213489367	-0.3061085052812896	-2880632.945306098
0.4201620778559924	0.6082192726758775	25000	1225118.3843218028	3997414.729592824	-0.30647767799829795	-2879603.2722830065
0.423052372124796	0.6082192726758775	25100	1226152.5689078714	3996894.961362887	-0.30677628027777093	-2878839.0763421296
0.4259426663935996	0.6082192726758775	25200	1223255.233285482	3996478.3631868213	-0.30608328686410036	-2878710.4601173275
0.42883296066240323	0.6082192726758775	25300	1222336.0718879476	3996705.1414295337	-0.30583593951360266	-2877945.6545738657
0.43172325493120683	0.6082192726758775	25400	1220609.8848350965	3998002.6564635243	-0.3053049209113833	-2877563.4221716193
0.43461354920001044	0.6082192726758775	25500	1219479.688011392	3999371.895279649	-0.30491780208054947	-2877134.4018568327
0.43750384346881405	0.6082192726758775	25600	1219640.5008227392	4000825.110916606	-0.3048472420088651	-2876480.157853065
0.44039413773761765	0.6082192726758775	25700	1219315.5352558352	4002698.7844694434	-0.30462335561866544	-2875971.7636499642
0.44328443200642126	0.6082192726758775	25800	1205232.136447852	4007583.935087751	-0.3007378400476251	-2878400.994359381
0.44617472627522486	0.6082192726758775	25900	1186305.5082365992	4014391.648685455	-0.2955131467117974	-2882556.619628632
0.44906502054402847	0.6082192726758775	26000	1161391.9866504916	4021490.323681602	-0.2887964145558998	-2886381.6534326165
0.4519553148128321	0.6082192726758775	26100	1073328.3299390082	4021451.731807775	-0.266900711862209	-2898587.8638333827
0.4548456090816357	0.6082192726758775	26200	1080242.7767319723	4020494.27134394	-0.26868407310797565	-2896560.9147767364
0.4577359033504393	0.6082192726758775	26300	1079037.1942288731	4018925.295486039	-0.2684889901887009	-2895475.9630942815
0.4606261976192429	0.6082192726758775	26400	1074261.2720758654	4017105.6194881042	-0.2674217144962092	-2894776.5565525047
0.4635164918880465	0.6082192726758775	26500	1073774.0869580086	4016704.362798094	-0.2673271393590944	-2893828.3137649833
0.4664067861568501	0.6082192726758775	26600	1074934.6307136011	4015609.67926615	-0.2676890227314236	-2892504.6847562916
0.4692970804256537	0.6082192726758775	26700	1075023.1656605492	4014449.6955449316	-0.2677884261082073	-2891146.93286359
0.4721873746944573	0.6082192726758775	26800	1069749.7478203927	4012462.8857480497	-0.2666067645435573	-2890580.461322786
0.4750776689632609	0.6082192726758775	26900	1058675.1812069842	4008990.66116827	-0.2640752425445843	-2891000.938082399
0.47796796323206453	0.6082192726758775	27000	1053516.5077150527	4006709.807682257	-0.2629380609733939	-2890832.4032490416
0.48085825750086814	0.6082192726758775	27100	1054491.2321709858	4005521.3695523585	-0.2632594199063858	-2890104.3222656846
0.48374855176967174	0.6082192726758775	27200	1050756.6965328362	4005172.9027011986	-0.26234989651112867	-2890864.165240962
0.48663884603847535	0.6082192726758775	27300	1047576.1076349346	4004700.808449563	-0.26158660977235604	-2891226.4502483555
0.48952914030727895	0.6082192726758775	27400	1043339.9971933768	4005171.4392197286	-0.2604982116312694	-2891632.6734089814
0.49241943457608256	0.6082192726758775	27500	1044284.4318327984	4005115.610212081	-0.26073764991205856	-2890845.719666084
0.49530972884488617	0.6082192726758775	27600	1044325.5971400199	4005017.044004247	-0.2607543452788643	-2889998.6635585465
0.49820002311368977	0.6082192726758775	27700	1045908.4840323552	4004331.476721746	-0.26119428177025356	-2888777.5105111473
0.5010903173824954	0.6082192726758775	27800	1045833.7649105192	4002763.7545227734	-0.2612779142233459	-2887625.557240406
0.5039806116513046	0.6082192726758775	27900	1047643.3428560247	4001712.8688289532	-0.2617987289934181	-2886321.554163465
0.5068709059201137	0.6082192726758775	28000	1045090.0161493237	4001733.0270995134	-0.26115935497746406	-2886197.34745948
0.5097612001889229	0.6082192726758775	28100	1038933.3056799959	4003187.667298821	-0.2595265053814036	-2887217.2623774637
0.5126514944577321	0.6082192726758775	28200	1032797.6472626845	4005544.052876127	-0.2578420393407228	-2888611.734383745
0.5155417887265412	0.6082192726758775	28300	1029316.1224366375	4005976.109179062	-0.25694514754546893	-2889286.723867553
0.5184320829953504	0.6082192726758775	28400	1023352.5130916114	4005533.2047323813	-0.2554847159630484	-2890156.638114939
0.5213223772641595	0.6082192726758775	28500	1025409.281718933	4006904.153717373	-0.25591060888432227	-2889999.5160151045
0.5242126715329687	0.6082192726758775	28600	1028397.0783612172	4008522.2015376654	-0.25655267119806024	-2889616.691101333
0.5271029658017778	0.6082192726758775	28700	1031099.6924765967	4010196.677181088	-0.2571194820303412	-2889030.119533504
0.529993260070587	0.6082192726758775	28800	1034418.3036834784	4011914.9864435326	-0.25783654618276586	-2888370.336602498
0.5328835543393962	0.6082192726758775	28900	1038093.3156841411	4013681.272644837	-0.25863870227046803	-2887521.8324822816
0.5357738486082053	0.6082192726758775	29000	1041210.9969042379	4014956.481806053	-0.2593330716341585	-2886652.0496484614
0.5386641428770145	0.6082192726758775	29100	1033538.1365545056	4016403.173617775	-0.25732927992474075	-2886357.7843981828
0.5415544371458236	0.6082192726758775	29200	1035155.0156705567	4019061.94918336	-0.2575613485830671	-2885145.175878633
0.5444447314146328	0.6082192726758775	29300	1037410.5053005524	4021719.829707084	-0.2579519581741005	-2884417.4411948337
0.547335025683442	0.6082192726758775	29400	1036845.587074093	4025691.5541737336	-0.2575571359904904	-2884301.427536292
0.5502253199522511	0.6082192726758775	29500	1037761.030625191	4028883.648595007	-0.25758029298937174	-2883906.849096945
0.5531156142210603	0.6082192726758775	29600	1038331.3590866931	4032390.0119954674	-0.2574977509610646	-2883678.8277046555
0.5560059084898694	0.6082192726758775	29700	1039853.6922501917	4035601.946527085	-0.25767003436626296	-2883147.06913179
0.5588962027586786	0.6082192726758775	29800	1040911.740569562	4038495.057203777	-0.25774743458279264	-2882614.6758808866
0.5617864970274877	0.6082192726758775	29900	1039588.4325450885	4041926.5611880245	-0.2572012174905838	-2882770.4834426153
0.5646767912962969	0.6082192726758775	30000	1035824.8284383654	4045662.7211517384	-0.25603341154041676	-2883476.626307138
0.567567085565106	0.6082192726758775	30100	1028400.6602710863	4049121.6642949646	-0.2539811706176905	-2884262.40565444
0.5704573798339152	0.6082192726758775	30200	1016380.4486598404	4050865.584216141	-0.2509045110309465	-2884998.3750557215
0.5733476741027244	0.6082192726758775	30300	1010994.2303253452	4051099.3252671403	-0.2495604647409324	-2884617.9408922396
0.5762379683715335	0.6082192726758775	30400	1006519.4752820629	4051214.390976553	-0.24844882994193734	-2884084.9897761163
0.5791282626403427	0.6082192726758775	30500	1007170.1504020412	4051301.1294796485	-0.24860411956871808	-2883008.9858627603
0.5820185569091518	0.6082192726758775	30600	1003841.0456144453	4051355.517021796	-0.2477790560213244	-2882181.325190594
0.584908851177961	0.6082192726758775	30700	1000209.7059843465	4052237.163322663	-0.24682901460886283	-2881674.465871707
0.5877991454467701	0.6082192726758775	30800	1001286.3505242356	4053145.2490983037	-0.24703934573945754	-2881020.816333681
0.5906894397155793	0.6082192726758775	30900	1001579.9338447258	4054108.6701591243	-0.24705305538971004	-2880648.298155742
0.5935797339843885	0.6082192726758775	31000	1001126.6162626926	4054179.2210617024	-0.24693694128315302	-2880388.731535942
0.5964700282531976	0.6082192726758775	31100	1002743.0190374188	4053935.99132902	-0.247350481404292	-2879948.507786593
0.5993603225220068	0.6082192726758775	31200	1004833.089140597	4053354.942390803	-0.2479015786729778	-2879356.6506605074
0.6022506167908159	0.6082192726758775	31300	1006802.3529043891	4052573.5662960666	-0.24843530572218014	-2878651.0240344503
0.6051409110596251	0.6082192726758775	31400	1006603.7489748064	4051923.5875385287	-0.24842614309671623	-2878526.8148818086
0.6080312053284342	0.6082192726758775	31500	998990.7074916488	4050723.5155498497	-0.24662031453312971	-2880154.3709744606
0.6109214995972434	0.6082192726758775	31600	986004.2186483653	4046167.8912345935	-0.24368840966396707	-2883302.225033741
0.6138117938660526	0.6082192726758775	31700	981356.7444994836	4043234.429724343	-0.24271576668543304	-2883942.745779477
0.6167020881348617	0.6082192726758775	31800	984829.2783752221	4041921.3464936744	-0.2436537463128894	-2882918.756064616
0.6195923824036709	0.6082192726758775	31900	986056.9150465435	4040851.690100234	-0.2440220504658225	-2882523.7258445527
0.62248267667248	0.6082192726758775	32000	983079.8035350817	4039704.3949524947	-0.2433543911686742	-2882977.0395992845
0.6253729709412892	0.6082192726758775	32100	976168.2442183446	4038751.8486881685	-0.24170047598626662	-2884695.7697141618
0.6282632652100983	0.6082192726758775	32200	973601.5180134434	4038932.859897444	-0.24105414766368882	-2885353.111117574
0.6311535594789075	0.6082192726758775	32300	963804.719862132	4040313.4525324237	-0.23854701650883792	-2887560.331285877
0.6340438537477167	0.6082192726758775	32400	952508.1609478688	4041141.199475425	-0.23570276660254105	-2889201.896306897
0.6369341480165258	0.6082192726758775	32500	943268.9150626817	4041850.0496951365	-0.23337553433824923	-2889875.9481483214
0.639824442285335	0.6082192726758775	32600	938890.1433988006	4041947.797723676	-0.23228655845767232	-2889999.795305176
0.6427147365541441	0.6082192726758775	32700	939246.0529063452	4040654.829068732	-0.23244896994154224	-2889801.606547764
0.6456050308229533	0.6082192726758775	32800	941391.0106571566	4039459.7221431695	-0.23304874300310974	-2889259.900727764
0.6484953250917624	0.6082192726758775	32900	941713.2037107393	4037318.9019365637	-0.2332521226547231	-2888658.6604564595
0.6513856193605716	0.6082192726758775	33000	941877.4586721605	4034231.9711895892	-0.23347131880332245	-2888408.3865432474
0.6542759136293808	0.6082192726758775	33100	939448.2462682698	4030125.9333845843	-0.2331064244137159	-2888557.1826565634
0.6571662078981899	0.6082192726758775	33200	937191.6517720881	4025674.0541582825	-0.232803659502444	-2888351.4566908483
0.6600565021669991	0.6082192726758775	33300	926395.631300195	4020116.6262796107	-0.23043998904019894	-2889708.1888243165
0.6629467964358082	0.6082192726758775	33400	925846.122974405	4018086.5333148087	-0.23041965754047808	-2889535.6559113166
0.6658370907046174	0.6082192726758775	33500	927961.833547124	4016080.9665417382	-0.23106153518269212	-2888650.00760294
0.6687273849734265	0.6082192726758775	33600	928545.9317922319	4014448.0239314833	-0.23130102227176821	-2888028.6476242165
0.6716176792422357	0.6082192726758775	33700	927250.1366399075	4013001.8684443706	-0.2310614764302	-2888034.076122856
0.6745079735110449	0.6082192726758775	33800	919839.4418924414	4011108.558206887	-0.22932299850384588	-2889675.1517509148
0.677398267779854	0.6082192726758775	33900	921415.2084244753	4010189.9916875376	-0.22976846741286996	-2889551.8049923535
0.6802885620486632	0.6082192726758775	34000	924491.2032676304	4009453.6781216306	-0.2305778486261851	-2889132.1355500338
0.6831788563174723	0.6082192726758775	34100	929042.2630319372	4009156.0307264137	-0.2317301337018817	-2888673.697409661
0.6860691505862815	0.6082192726758775	34200	934744.9778351353	4009005.22478801	-0.23316132691859068	-2888082.851333155
0.6889594448550906	0.6082192726758775	34300	936914.9028836861	4010267.1985515645	-0.23362904676827587	-2888538.4172451687
0.6918497391238998	0.6082192726758775	34400	938105.470909924	4013063.346313658	-0.23376293617982735	-2889278.93196596
0.694740033392709	0.6082192726758775	34500	938937.5550017005	4015910.5841424083	-0.2338043976151449	-2890051.422588494
0.6976303276615181	0.6082192726758775	34600	939698.14381017	4017805.2998599005	-0.23388344473609435	-2890521.17736637
0.7005206219303273	0.6082192726758775	34700	944585.1838243476	4018832.353053317	-0.23503970826419193	-2889958.623664223
0.7034109161991364	0.6082192726758775	34800	950164.9719066144	4019890.5253209528	-0.23636588258351937	-2889190.4955902086
0.7063012104679456	0.6082192726758775	34900	954657.1115521251	4020809.572768814	-0.23742907846658556	-2888648.3048027945
0.7091915047367547	0.6082192726758775	35000	960027.8706832872	4022419.2274891087	-0.23866927249215636	-2888181.5800082334
0.7120817990055639	0.6082192726758775	35100	965458.8907838038	4024169.296959338	-0.23991507800462183	-2887753.376175693
0.714972093274373	0.6082192726758775	35200	971606.3263897577	4025929.6821263274	-0.24133713281266153	-2887079.4510913603
0.7178623875431822	0.6082192726758775	35300	978167.5533855167	4027493.487212796	-0.24287253511177048	-2886193.5661790944
0.7207526818119914	0.6082192726758775	35400	985111.6660565659	4028700.813679391	-0.2445234112971692	-2884997.6349976934
0.7236429760808005	0.6082192726758775	35500	992299.279429982	4029676.763068764	-0.24624786000808296	-2883618.7158426032
0.7265332703496097	0.6082192726758775	35600	1000378.4297494439	4030383.7324916413	-0.24820922675047508	-2881968.905076234
0.7294235646184188	0.6082192726758775	35700	1008535.0428313431	4031201.372590112	-0.25018225328280813	-2880294.794382594
0.732313858887228	0.6082192726758775	35800	1015599.0218279428	4032820.3137500235	-0.25183344230964794	-2878894.0328067956
0.7352041531560372	0.6082192726758775	35900	1022076.1444695299	4034201.6816956014	-0.2533527634741217	-2877500.913202656
0.7380944474248463	0.6082192726758775	36000	1028757.7508402768	4034624.2069152463	-0.254982297750807	-2876025.2842033333
0.7409847416936555	0.6082192726758775	36100	1036226.9256951957	4035043.4189874353	-0.2568068836184244	-2874568.7126769996
0.7438750359624646	0.6082192726758775	36200	1043028.5881750002	4035301.4786760225	-0.2584760007862452	-2873111.271115024
0.7467653302312738	0.6082192726758775	36300	1049083.621021659	4035780.1784654106	-0.25994567955397635	-2871681.0053454484
0.7496556245000829	0.6082192726758775	36400	1055628.1596377457	4036030.4505510773	-0.2615510890146061	-2870158.828787513
0.7525459187688921	0.6082192726758775	36500	1062616.3776722415	4036077.746152028	-0.2632794620186228	-2868608.441021828
0.7554362130377013	0.6082192726758775	36600	1069560.8442238444	4036507.127292846	-0.26497187060367317	-2867348.9716229276
0.7583265073065104	0.6082192726758775	36700	1076173.3812612982	4037268.0451516854	-0.266559804606896	-2866148.741987877
0.7612168015753196	0.6082192726758775	36800	1082162.5029210746	4038133.9613167415	-0.26798578583267374	-2865006.712740108
0.7641070958441287	0.6082192726758775	36900	1087486.0691587045	4039569.5118463356	-0.26920840598721507	-2864132.0902361
0.7669973901129379	0.6082192726758775	37000	1092895.3615351846	4041354.1718264474	-0.2704280087981653	-2863153.6585900798
0.769887684381747	0.6082192726758775	37100	1098081.23534554	4043678.3955527935	-0.2715550367589078	-2862387.890580017
0.7727779786505562	0.6082192726758775	37200	1103169.9605736637	4045959.698446442	-0.27265965130529013	-2861482.2326185037
0.7756682729193654	0.6082192726758775	37300	1106226.5815579416	4048837.017727724	-0.2732208228472419	-2861056.229489742
0.7785585671881745	0.6082192726758775	37400	1107069.4921258022	4052353.03240839	-0.2731917686519651	-2861279.852537924
0.7814488614569837	0.6082192726758775	37500	1104483.850047168	4056809.2612787415	-0.2722543208006346	-2862040.1767735896
0.7843391557257928	0.6082192726758775	37600	1076771.1335421945	4066653.1848767316	-0.2647806647359415	-2868607.5541185862
0.787229449994602	0.6082192726758775	37700	1070776.6899783448	4071932.6892992784	-0.26296522356380364	-2869837.409427859
0.7901197442634111	0.6082192726758775	37800	1045292.6552642923	4081181.7648778833	-0.2561249940544046	-2874120.798330262
0.7930100385322203	0.6082192726758775	37900	1031465.184181924	4086403.8522090465	-0.25241391244879774	-2875637.9955814597
0.7959003328010295	0.6082192726758775	38000	1027681.9192781055	4088788.3331283485	-0.25134143309683676	-2875783.5428703153
0.7987906270698386	0.6082192726758775	38100	1013886.2513814399	4090551.062231315	-0.24786055373878768	-2877303.948450938
0.8016809213386478	0.6082192726758775	38200	1014632.5697427532	4091429.110360859	-0.2479897713914598	-2876486.756493719
0.8045712156074569	0.6082192726758775	38300	1014618.984977824	4091445.7770141135	-0.24798544091137398	-2875455.7616724516
0.8074615098762661	0.6082192726758775	38400	1015492.1346867746	4091073.5502188434	-0.24822143191056856	-2874182.993833987
0.8103518041450752	0.6082192726758775	38500	1016977.360108832	4090438.728437866	-0.24862305185957756	-2872661.9300037907
0.8132420984138844	0.6082192726758775	38600	1016786.4640795967	4089891.651939008	-0.2486096333621798	-2871194.002834119
0.8161323926826936	0.6082192726758775	38700	1016057.3198797251	4089171.8753519775	-0.2484750826944068	-2870085.573230086
0.8190226869515027	0.6082192726758775	38800	1016874.9876656611	4087708.0812568543	-0.24876409162588756	-2868734.1601903103
0.8219129812203119	0.6082192726758775	38900	1017839.1166297834	4085002.6676376695	-0.24916485971804594	-2867232.3564953487
0.824803275489121	0.6082192726758775	39000	1019429.2783556988	4083281.639954034	-0.24965931038917383	-2866116.2738007666
0.8276935697579302	0.6082192726758775	39100	1023597.8107387195	4081967.2735185297	-0.2507609057473922	-2864596.8083822518
0.8305838640267393	0.6082192726758775	39200	1027524.6777294076	4080182.558975383	-0.25183301552748166	-2863050.3413539915
0.8334741582955485	0.6082192726758775	39300	1032856.6593617679	4078675.1716044173	-0.25323337012775055	-2861314.9351786696
0.8363644525643577	0.6082192726758775	39400	1038553.1067402775	4077218.837680507	-0.2547209625203981	-2859501.506454181
0.8392547468331668	0.6082192726758775	39500	1042471.1943328591	4076066.627514394	-0.255754208553888	-2858187.885034896
0.842145041101976	0.6082192726758775	39600	1044953.691730248	4075236.8500614674	-0.25641545023683393	-2857521.1139308047
0.8450353353707851	0.6082192726758775	39700	1046289.8440845532	4074992.5624711867	-0.2567587125729757	-2857097.0243993266
0.8479256296395943	0.6082192726758775	39800	1044514.378876504	4074755.456292523	-0.256337929988778	-2857462.832711417
0.8508159239084034	0.6082192726758775	39900	1043423.4423050126	4074212.743934554	-0.25610430968741127	-2857470.0311856945
0.8537062181772126	0.6082192726758775	40000	1040269.8804863333	4074200.736685237	-0.2553310324450766	-2858239.1094479854
0.8565965124460218	0.6082192726758775	40100	1039077.891745284	4074378.5831143726	-0.2550273300698125	-2859134.470460374
0.8594868067148309	0.6082192726758775	40200	1038089.1848766444	4075073.070733682	-0.25474124435509704	-2859961.306420868
0.8623771009836401	0.6082192726758775	40300	1024094.9880353473	4077604.6755973543	-0.25115112167790543	-2863540.1313995435
0.8652673952524492	0.6082192726758775	40400	1017982.553883904	4079519.4793220963	-0.24953491680668838	-2865371.2004880034
0.8681576895212584	0.6082192726758775	40500	1015866.1384821143	4080930.307380441	-0.24893003848776854	-2866139.9958723937
0.8710479837900675	0.6082192726758775	40600	1017082.8417265571	4081988.8183979862	-0.2491635540848249	-2866264.7353335153
0.8739382780588767	0.6082192726758775	40700	1017216.7344323683	4082426.051297826	-0.24916966569645257	-2866639.898765195
0.8768285723276859	0.6082192726758775	40800	1016460.0052439803	4083211.3647419587	-0.2489364165717677	-2867305.7185080163
0.879718866596495	0.6082192726758775	40900	1016962.5022009121	4083972.298669444	-0.2490130754638659	-2867572.4666591105
0.8826091608653042	0.6082192726758775	41000	1015896.5132176627	4084847.0623481544	-0.24869878791341568	-2868015.448105847
0.8854994551341133	0.6082192726758775	41100	1004230.9578848503	4085453.7327759545	-0.24580646938387984	-2871086.84089588
0.8883897494029225	0.6082192726758775	41200	999432.2559693133	4085773.872991046	-0.24461271892114417	-2872779.6791716763
0.8912800436717316	0.6082192726758775	41300	1002285.285601157	4086236.511339512	-0.24528322891241483	-2872880.280968135
0.8941703379405408	0.6082192726758775	41400	1005394.176491666	4087369.080426046	-0.24597587267232274	-2873043.000466675
0.89706063220935	0.6082192726758775	41500	1007845.3978010279	4089199.0633006417	-0.2464652324818676	-2873380.6598394956
0.8999509264781591	0.6082192726758775	41600	1008684.7071943288	4091672.8378924946	-0.24652134888523342	-2874136.3435518392
0.9028412207469683	0.6082192726758775	41700	1012664.7230573079	4093151.937400563	-0.24740462571257996	-2873980.190633077
0.9057315150157774	0.6082192726758775	41800	1014008.2627059761	4094967.967847489	-0.2476230023452387	-2874565.782516192
0.9086218092845866	0.6082192726758775	41900	1013738.3108219376	4096430.676668326	-0.2474686845296312	-2875398.9376173695
0.9115121035533957	0.6082192726758775	42000	1014971.7624784992	4098331.17237095	-0.24765489165955365	-2875716.7938151225
0.9144023978222049	0.6082192726758775	42100	1014082.3823500532	4100586.263423612	-0.24730180447499908	-2876824.2702674456
0.917292692091014	0.6082192726758775	42200	1013571.367471313	4102318.499767719	-0.24707281200343253	-2877878.981773082
0.9201829863598232	0.6082192726758775	42300	1016480.5398627282	4103321.752818875	-0.24772138308784403	-2878111.027938612
0.9230732806286324	0.6082192726758775	42400	1020772.2379820326	4103900.7927721688	-0.24873219152369055	-2878041.7958044186
0.9259635748974415	0.6082192726758775	42500	1024941.0240385851	4104261.403934587	-0.24972605864139558	-2878036.6932373294
0.9288538691662507	0.6082192726758775	42600	1027686.6628033442	4104542.647030374	-0.25037787426739805	-2878410.306161812
0.9317441634350598	0.6082192726758775	42700	1026181.7716603198	4104811.8425526507	-0.2499948380148334	-2880037.3111239932
0.934634457703869	0.6082192726758775	42800	1027242.4006283067	4104718.079303389	-0.25025894124320464	-2880847.76924872
0.9375247519726781	0.6082192726758775	42900	1025554.673255665	4104834.6603985066	-0.2498406776647374	-2882016.946912057
0.9404150462414873	0.6082192726758775	43000	1026549.6871086422	4104099.7600264247	-0.2501278592462949	-2882446.022782955
0.9433053405102965	0.6082192726758775	43100	1029902.5261574477	4103846.2515197704	-0.2509603096792541	-2882385.231711356
0.9461956347791056	0.6082192726758775	43200	1033572.9780976144	4103325.961176824	-0.25188663729780514	-2882005.0652658776
0.9490859290479148	0.6082192726758775	43300	1038797.2965768641	4102751.089092719	-0.2531953009137055	-2881210.4629983455
0.9519762233167239	0.6082192726758775	43400	1045049.5007545725	4102378.3724931832	-0.25474234842932175	-2880252.7605475113
0.9548665175855331	0.6082192726758775	43500	1051779.6746106525	4102440.950931072	-0.2563789917249011	-2879236.3972181533
0.9577568118543422	0.6082192726758775	43600	1057554.179851423	4102891.1697119866	-0.25775828217389957	-2878507.4657463194
0.9606471061231514	0.6082192726758775	43700	1063652.4339858429	4103093.1987625053	-0.2592318483788379	-2877685.724889137
0.9635374003919606	0.6082192726758775	43800	1069300.8340692145	4102918.144730009	-0.2606195874130897	-2876756.0606894786
0.9664276946607697	0.6082192726758775	43900	1074352.227630884	4102536.5962841995	-0.2618751112674923	-2875766.927627074
0.9693179889295789	0.6082192726758775	44000	1078317.6063047927	4101806.5353690973	-0.26288846073228106	-2874848.3046287247
0.972208283198388	0.6082192726758775	44100	1079391.457784958	4101226.49159809	-0.26318747818396165	-2874529.304695383
0.9750985774671972	0.6082192726758775	44200	1079930.3024339802	4100324.5678902734	-0.26337678506987877	-2874059.944144796
0.9779888717360063	0.6082192726758775	44300	1081332.9455795302	4099693.745015988	-0.2637594446887918	-2873664.460547961
0.9808791660048155	0.6082192726758775	44400	1077805.0580780148	4094879.570588074	-0.2632079990384745	-2875086.9695036733
0.9837694602736247	0.6082192726758775	44500	1079911.2349450428	4094292.6346795084	-0.2637601488955554	-2875125.1049038037
0.9866597545424338	0.6082192726758775	44600	1083925.3690786306	4094345.6197913517	-0.2647371447684154	-2874437.848719563
0.989550048811243	0.6082192726758775	44700	1088983.0870819585	4094483.049201771	-0.2659635108989542	-2873616.5024933685
0.9924403430800521	0.6082192726758775	44800	1095560.636522849	4094537.0954613118	-0.2675664210582558	-2872717.263027633
0.9953306373488613	0.6082192726758775	44900	1101875.5150160359	4094374.2165327133	-0.26911939572273635	-2871762.307682399
0.9982209316176704	0.6082192726758775	45000	1108157.140977694	4093657.14678502	-0.27070101409151776	-2870562.515743855
1.0011112258864796	0.6082192726758775	45100	1114147.489381429	4093226.4635991626	-0.27219297522125424	-2869397.530192941
