# exz		ezz		i		sxz		szz		tanPhi		tens_media
0.0	0.9952597877940343	100	0.4249396944382248	0.44465779596623756	-0.9556555587085447	-0.318623577039805
0.0	0.9905420451998262	200	0.12586835705741772	0.6931616198548973	-0.18158587182563038	-0.26876098190446523
0.0	0.985846665706648	300	0.15602963627670244	0.31927058139714426	-0.4887065873526738	-1.4040710417483897
0.0	0.9811735433086549	400	0.39214468469874175	0.7080956286978898	-0.5538018719588099	-0.5585287448424713
0.0	0.9765225725024935	500	0.46303524807391294	0.5011762651298494	-0.923897000497311	-0.3120099022636116
0.0	0.9718936482849163	600	0.8218418304422728	1.6451557262107184	-0.4995526060838133	-1.719087732286359
0.0	0.9672866661504158	700	0.575979364831572	1.15441973834065	-0.4989340927758895	-1.3833130282788997
0.0	0.962701522088862	800	0.15761032611946765	1.9392804035152746	0.08127258225977646	-1.4498679818874536
0.0	0.9581381125831554	900	0.025588447583817474	0.382232891335585	0.06694465119003025	-0.8670573714497909
0.0	0.9535963346068879	1000	0.1426941896434434	1.5471588350063554	-0.09222982567452892	-1.4826824000674161
0.0	0.9490760856220202	1100	0.237369490137313	0.8030254682788174	0.2955939749284468	-0.6644314380512587
0.0	0.9445772635765646	1200	0.16061856443486058	0.3172457536540033	0.5062906676759982	-0.15545253047942895
0.0	0.9400997669022809	1300	0.012387094511165018	0.055955945410636025	0.2213722674196922	-0.02301985134205047
0.0	0.9356434945123854	1400	0.8134271907460692	2.417935681879556	-0.33641390746744776	-1.6775832255394632
0.0	0.9312083457992656	1500	0.46542590979070386	2.2341088131389983	-0.2083273236529445	-2.1217470079971843
0.0	0.926794220632211	1600	1.6345389924554323	4.84718751114164	0.3372138974814398	-4.973445555474883
0.0	0.9224010193551515	1700	0.47787342551376777	3.6531132452835626	-0.1308126503142867	-2.4762763797652005
0.0	0.9180286427844092	1800	0.25005203872090076	2.6856839635871324	-0.09310553367825114	-2.4737366762676714
0.0	0.9136769922064566	1900	0.9025483251253941	3.488039003720518	-0.258755227267439	-3.7887797248913713
0.0	0.9093459693756892	2000	0.3813013039216692	1.5759015366539593	-0.24195756844762592	-2.35521198713315
0.0	0.905035476512209	2100	0.44043950434560897	2.292054391545042	0.19215927247202663	-2.1500434130081962
0.0	0.9007454162996136	2200	0.3493433875495441	5.025786362412524	0.06951019449657805	-4.080077095116821
0.0	0.8964756918828026	2300	0.0608938574063438	3.0437262646603633	0.020006351462469207	-4.713981708547133
0.0	0.8922262068657881	2400	0.8031192307833274	4.119719013576537	0.19494514750560593	-5.0365714554478815
0.0	0.88799686530952	2500	0.05740912925931285	4.4063037597292	0.013028863280828617	-3.768173532412114
0.0	0.8837875717297208	2600	0.05360354306028652	9.302888562898168	-0.005762032157847023	-12.088410503266916
0.0	0.8795982310947263	2700	2.0336639754158585	5.097796286881704	0.3989300201440259	-6.653418107692637
0.0	0.8754287488233453	2800	5.9806376890698925	25.811249614564886	-0.23170663096044417	-17.40128733849872
0.0	0.8712790307827197	2900	4.144106217794398	18.396712680168008	0.22526340927538757	-16.71059385338309
0.0	0.8671489832862013	3000	2.8094122331162947	17.7034548953871	0.1586928794248138	-17.546052600257582
0.0	0.8630385130912371	3100	0.1771266926770889	25.586169572565797	0.006922751456591965	-23.301831278103364
0.0	0.8589475273972637	3200	0.6887567164606958	34.1787574553032	-0.020151601981476593	-29.564615740693526
0.0	0.854875933843611	3300	1.6226850629059595	51.4018529991126	0.03156861023928405	-46.838176911503666
0.0	0.8508236405074195	3400	6.284113796992751	62.91982049619722	-0.0998749479485968	-55.73350453935823
0.0	0.8467905559015624	3500	2.791475201694876	81.20456002684666	-0.03437584294246529	-75.14276419972357
0.0	0.8427765889725815	3600	6.581940220297434	99.75778969753338	-0.06597921064865153	-91.41927477788391
0.0	0.8387816490986311	3700	14.583368620155866	179.4747782947084	-0.08125581075358175	-181.76905579285415
0.0	0.834805646087434	3800	15.69469923787135	142.10357819068437	-0.1104454893937373	-150.78545292871436
0.0	0.8308484901742407	3900	10.653765967818135	229.91346550416728	-0.046338155725050525	-250.843945888187
0.0	0.8269100920198084	4000	13.627420063447502	353.63655815896624	-0.038535099805268785	-331.6369595223158
0.0	0.8229903627083802	4100	15.607278091920426	317.2470673482349	0.049195972786688275	-347.28633265332905
0.0	0.8190892137456778	4200	8.916125674308635	650.0806078032115	-0.013715415545832851	-646.1224399319602
0.0	0.815206557056906	4300	30.89929551316995	643.3655341182614	-0.048027589099123455	-650.3975171772908
0.0	0.8113423049847616	4400	11.231439742358122	901.5731964700792	-0.012457601652680525	-911.0118119926847
0.0	0.8074963702874567	4500	36.28303251607964	1529.3004830654127	0.023725247534972307	-1503.2011580301598
0.0	0.8036686661367469	4600	65.31952241292147	1888.8395129837293	-0.03458182760574437	-1870.8614355658399
0.0	0.7998591061159734	4700	120.58580346248408	3446.641709445709	-0.034986463238117306	-3439.420196803772
0.0	0.79606760421811	4800	92.04198057272731	5365.525641169081	-0.01715432685038339	-5267.62920989093
0.0	0.7922940748438214	4900	148.37639834333842	6891.679189732026	-0.02152978893219605	-6671.47477524291
0.0	0.7885384327995324	5000	107.12532537871381	10712.049245906588	0.010000451166675674	-10539.886284320024
0.0	0.7848005932955028	5100	303.66452464242815	14385.087206365057	-0.02110967561656935	-14353.1366827507
0.0	0.7810804719439141	5200	236.31674969161085	19687.469314816943	-0.012003409169189513	-18539.171849743467
0.0	0.7773779847569635	5300	590.3819529967612	29870.076330338747	0.019764996462266017	-28884.301156056757
0.0	0.77369304814497	5400	727.0194226640573	45178.89276015687	-0.016092015059413177	-43000.15546015773
0.0	0.7700255789144822	5500	1226.9751407987565	59541.79697509774	-0.02060695516650121	-58587.401889718465
0.0	0.7663754942664064	5600	1956.9787684188138	69980.37911117547	-0.02796467800367054	-70430.4949767086
0.0	0.7627427117941316	5700	1290.72478919203	87806.68587236556	0.01469961855829757	-85931.20834356426
0.0	0.7591271494816737	5800	2893.6684317180625	108134.08635416185	0.026760002597522214	-105724.29595754271
0.0	0.7555287257018206	5900	3716.292955896021	136496.19872929726	0.027226347623542747	-132024.3069350463
0.0	0.7519473592142916	6000	2889.4601294553736	167214.06235946043	0.01728000676907122	-162227.24436382958
0.0	0.7483829691639005	6100	3456.3478904014	196785.54189341536	0.017564033704637997	-192676.46420992076
0.0	0.7448354750787324	6200	4742.228202485398	229955.4175946198	0.020622380860125255	-223796.9832472017
0.0	0.7413047968683274	6300	7968.896190012442	268682.1020305792	0.029659199960797866	-258889.2556489258
0.0	0.7377908548218709	6400	8767.771221501413	307709.9823716861	0.028493619719202775	-295892.7076461187
0.0	0.7342935696063948	6500	4557.7377265113255	343529.6208189599	0.013267379143742755	-330366.4782744216
0.0	0.7308128622649841	6600	4998.478236916526	380552.23524796026	0.013134801937662033	-361144.7588802991
0.0	0.7273486542149988	6700	5653.7877612509255	422776.6123329961	0.01337299083327195	-399668.07774039014
0.0	0.7239008672462962	6800	7035.6611406399425	465821.7828714426	0.015103761565786722	-438591.44445518794
0.0	0.720469423519466	6900	1812.7553161387289	514844.03295208863	0.003520979559080223	-478580.73131144006
0.0	0.717054245564074	7000	283.27288263893644	567705.6618341911	0.0004989784349229751	-525349.8152563486
0.0	0.7136552562769117	7100	495.67520422694923	621508.8965629468	-0.0007975351712069127	-573648.7622679869
0.0	0.7102723789202569	7200	1028.60632014418	676257.7891747965	-0.001521026946542585	-622819.9729299281
0.0	0.7069055371201388	7300	1315.6598385982102	737884.6578587854	0.0017830155764669633	-671234.3008533361
0.0	0.7035546548646173	7400	782.0600542759317	796170.9596209114	0.0009822765385066312	-724738.163374683
0.0	0.7002196565020636	7500	466.44746907814397	858172.3579925407	0.0005435358814973604	-781934.4057254795
0.0	0.6969004667394554	7600	660.1151707996726	927708.9287661788	0.0007115541850800155	-841689.5663086387
0.0	0.6935970106406737	7700	1061.6507693877809	999316.1383427412	0.0010623772884809156	-903022.7814012176
0.0	0.6903092136248138	7800	1668.9906786308604	1074141.253483702	0.001553790689276589	-966592.8549792316
0.0	0.6870370014644991	7900	2348.6949731444865	1150640.1045158065	0.0020412072931638566	-1030887.0997571835
0.0	0.6837803002842069	8000	2251.285663976628	1226990.9440036246	0.0018348021841390033	-1095356.342763018
0.0	0.6805390365586004	8100	499.79651932188733	1305109.2441078578	0.00038295378074924033	-1160498.6283245056
0.0	0.677313137110869	8200	3001.829548697995	1387427.8171690507	-0.0021635933138655227	-1226113.0373283178
0.0	0.6741025291110756	8300	9375.034918192601	1468626.7838153217	-0.006383538024437597	-1290884.7497318108
0.0	0.670907140074511	8400	9187.015780615384	1555553.54376361	-0.005905946354239729	-1362381.745269426
0.0	0.6677268978600607	8500	8452.263052823426	1641000.6402463033	-0.005150676267594141	-1439339.0212262832
0.0	0.6645617306685728	8600	8442.045059319818	1737034.0174665512	-0.0048600343887521946	-1517527.262559064
0.0012594357692971884	0.6626698366237285	8700	15990.078683685648	1795602.9897926056	-0.008905130351521927	-1564912.4959019423
0.004408025192540167	0.6626698366237285	8800	34261.23025475581	1795781.771172236	-0.019078727050665538	-1564854.7250850012
0.007556614615783146	0.6626698366237285	8900	52456.32755576636	1795957.994917432	-0.02920799244983344	-1564700.2633501121
0.010705204039026046	0.6626698366237285	9000	70588.55010636227	1796142.7503263867	-0.039300077955126474	-1564455.8792281284
0.013853793462268938	0.6626698366237285	9100	88651.00008314196	1796351.8091452147	-0.049350578005834006	-1564159.6675966263
0.01700238288551183	0.6626698366237285	9200	106656.28050301748	1796598.2341693328	-0.05936568258530578	-1563782.7096361981
0.020150972308754723	0.6626698366237285	9300	124590.02691934787	1796902.4067343308	-0.06933600091602989	-1563354.6142444971
0.023299561731997615	0.6626698366237285	9400	142446.87108623277	1797238.6302319672	-0.07925874098747107	-1562853.4823013812
0.026448151155240508	0.6626698366237285	9500	160166.85603242886	1797563.2278462194	-0.08910220989797141	-1562291.6986081423
0.0295967405784834	0.6626698366237285	9600	177807.27953610593	1797854.9427228575	-0.09889968056422627	-1561636.9166171525
0.032745330001726296	0.6626698366237285	9700	195323.64076893363	1798155.6096832214	-0.10862443701596189	-1560922.3778654526
0.03589391942496919	0.6626698366237285	9800	212762.98998477787	1798480.9765786182	-0.11830149595995865	-1560121.483836055
0.03904250884821208	0.6626698366237285	9900	230140.22249496393	1798951.1568711717	-0.12793022290568223	-1559304.8068593459
0.04219109827145497	0.6626698366237285	10000	247354.26253204054	1799470.9711120243	-0.13745943474663685	-1558414.0298190087
0.045339687694697865	0.6626698366237285	10100	264381.9785301674	1800096.651031527	-0.14687099072078494	-1557468.0589855954
0.04848827711794076	0.6626698366237285	10200	281290.5229021257	1800737.025862457	-0.15620855175530285	-1556484.7119387921
0.05163686654118365	0.6626698366237285	10300	298053.467673165	1801396.8523323464	-0.1654568604842749	-1555477.6258310603
0.05478545596442654	0.6626698366237285	10400	314671.72788705037	1802092.3229273567	-0.17461465424584408	-1554441.8777470158
0.057934045387669435	0.6626698366237285	10500	331177.0109465004	1802856.638169036	-0.1836956993334981	-1553359.3562457173
0.06108263481091233	0.6626698366237285	10600	347513.26756875345	1803722.2703467933	-0.19266451009774285	-1552248.4678753875
0.0642312242341556	0.6626698366237285	10700	363686.0214278482	1804654.0790563219	-0.20152672229462643	-1551119.1707629745
0.06737981365739919	0.6626698366237285	10800	379745.8373292179	1805629.6871832847	-0.21031213654977465	-1549934.2566528681
0.07052840308064277	0.6626698366237285	10900	395661.7084050453	1806601.8524209203	-0.21900880256202687	-1548686.1356754664
0.07367699250388636	0.6626698366237285	11000	411365.53882592043	1807623.052730203	-0.22757263368853423	-1547402.3786347583
0.07682558192712995	0.6626698366237285	11100	426936.0122092996	1808632.4651138883	-0.2360545995078197	-1546031.5686274376
0.07997417135037353	0.6626698366237285	11200	442412.5873563704	1809611.1143571609	-0.24447937120099492	-1544585.5982802352
0.08312276077361712	0.6626698366237285	11300	457715.1611106436	1810649.1981746422	-0.252790635299249	-1543101.885145488
0.0862713501968607	0.6626698366237285	11400	472795.8147341539	1811828.9816529944	-0.26094947123696294	-1541591.3956993017
0.08941993962010429	0.6626698366237285	11500	487738.97391844855	1813005.8708010574	-0.269022280497606	-1540029.2640033932
0.09256852904334788	0.6626698366237285	11600	502455.1771240736	1814235.5077041632	-0.27695146247022195	-1538468.646216647
0.09571711846659146	0.6626698366237285	11700	516922.13256855437	1815525.0962199448	-0.2847232096349557	-1536900.7174284842
0.09886570788983505	0.6626698366237285	11800	531157.5473556702	1816967.1919652566	-0.2923319417678439	-1535335.715887144
0.10201429731307864	0.6626698366237285	11900	545200.9145897339	1818499.5390420558	-0.2998081126140584	-1533742.435061178
0.10516288673632222	0.6626698366237285	12000	559084.0364454408	1820184.0099335136	-0.30715797600368033	-1532136.8151385393
0.10831147615956581	0.6626698366237285	12100	572831.539240683	1821978.238842076	-0.31440086770999814	-1530543.765758089
0.1114600655828094	0.6626698366237285	12200	586369.0534433016	1823760.2362380181	-0.3215165249204254	-1528925.988949753
0.11460865500605298	0.6626698366237285	12300	599640.9884655292	1825598.2703841154	-0.328462728187928	-1527307.6000361776
0.11775724442929657	0.6626698366237285	12400	612673.0772602283	1827516.3083667317	-0.33524903414283613	-1525665.1357456502
0.12090583385254015	0.6626698366237285	12500	625511.7902081397	1829519.6784619	-0.3418994600451717	-1524008.8413511852
0.12405442327578374	0.6626698366237285	12600	638122.3197718326	1831602.694838364	-0.34839559996833586	-1522343.418014048
0.1272030126990273	0.6626698366237285	12700	650509.4033791311	1833710.211327869	-0.3547503849629921	-1520668.6173762958
0.1303516021222709	0.6626698366237285	12800	662729.644943858	1835856.4151056611	-0.360992090389441	-1518974.7638862252
0.13350019154551448	0.6626698366237285	12900	674702.0030803095	1838171.7624458305	-0.36705057539485103	-1517297.3271015864
0.13664878096875807	0.6626698366237285	13000	686385.6503452767	1840563.8422634057	-0.3729214029876868	-1515656.2935988295
0.13979737039200166	0.6626698366237285	13100	697867.6980738901	1842977.3658573464	-0.37866319522011305	-1513997.322697822
0.14294595981524524	0.6626698366237285	13200	709063.8060480611	1845443.503058287	-0.3842240658535434	-1512379.1124434136
0.14609454923848883	0.6626698366237285	13300	719957.6155851431	1848199.0926780712	-0.38954548697560093	-1510881.4980862823
0.14924313866173242	0.6626698366237285	13400	730599.8501647473	1851167.4445075658	-0.39466978113322226	-1509544.8158746834
0.152391728084976	0.6626698366237285	13500	740999.0147990563	1854259.4713609312	-0.39961991632983335	-1508192.8006310917
0.1555403175082196	0.6626698366237285	13600	751174.9761116728	1857454.9637956072	-0.40441086904023127	-1506875.3255426101
0.15868890693146318	0.6626698366237285	13700	761052.2069850961	1860724.2846711664	-0.40900858512715754	-1505590.7858784997
0.16183749635470676	0.6626698366237285	13800	770588.0570827334	1864046.1256649098	-0.41339538033580725	-1504367.1480812908
0.16498608577795035	0.6626698366237285	13900	779963.3878487409	1867460.2739041448	-0.41765996243557885	-1503158.531121577
0.16813467520119393	0.6626698366237285	14000	789082.619603754	1870880.2033746848	-0.42177078905448384	-1501917.1296258832
0.17128326462443752	0.6626698366237285	14100	798005.72676094	1874255.5712587384	-0.42577209799888943	-1500637.0476365928
0.1744318540476811	0.6626698366237285	14200	806763.1927537593	1877662.1162999584	-0.4296636683193741	-1499370.1097657727
0.1775804434709247	0.6626698366237285	14300	815352.0062618342	1881104.7198282103	-0.4334431771221622	-1498137.0827264728
0.18072903289416828	0.6626698366237285	14400	823735.7843172206	1884486.3169627544	-0.43711422943353806	-1496914.5846149882
0.18387762231741187	0.6626698366237285	14500	831914.1501749805	1887936.7387238075	-0.4406472595778454	-1495736.7080743862
0.18702621174065545	0.6626698366237285	14600	839767.3171456134	1891452.1641996764	-0.4439802036975866	-1494627.7073207283
0.19017480116389904	0.6626698366237285	14700	847292.7315245725	1895010.0920646216	-0.44711779376406563	-1493528.0431307906
0.19332339058714262	0.6626698366237285	14800	854468.2970589566	1898617.8784604569	-0.45004753550083715	-1492504.273313098
0.1964719800103862	0.6626698366237285	14900	861352.5371567158	1902221.579374822	-0.45281398681209634	-1491474.7568146337
0.1996205694336298	0.6626698366237285	15000	868036.8210812716	1905828.2233644705	-0.4554643542579484	-1490415.58471608
0.20276915885687338	0.6626698366237285	15100	874419.639523676	1909553.786602708	-0.45791830827627966	-1489352.8771050877
0.20591774828011697	0.6626698366237285	15200	880546.034743899	1913175.4384248427	-0.46025367933265493	-1488245.4760226356
0.20906633770336056	0.6626698366237285	15300	886538.0386330909	1916750.4126777886	-0.46252137616318884	-1487124.6268671176
0.21221492712660414	0.6626698366237285	15400	892001.3525278979	1920176.2640742613	-0.46454139092170366	-1486036.4008733742
0.21536351654984773	0.6626698366237285	15500	897188.1866456892	1923650.144950125	-0.46639883504853785	-1485021.1853162658
0.21851210597309131	0.6626698366237285	15600	902189.4882495997	1927083.6283423484	-0.468163122233388	-1484099.1122241868
0.2216606953963349	0.6626698366237285	15700	906807.7671795953	1930576.420124416	-0.4697082994109894	-1483250.450352331
0.2248092848195785	0.6626698366237285	15800	910873.3346590193	1933727.2004926018	-0.4710454165546109	-1482379.0291687269
0.22795787424282207	0.6626698366237285	15900	914860.7867587721	1936818.2558093022	-0.4723524182068886	-1481434.1453876568
0.23110646366606566	0.6626698366237285	16000	917823.1178292613	1939644.99036232	-0.47319129139080995	-1480609.3772014054
0.23425505308930925	0.6626698366237285	16100	919674.1227917108	1941999.140536352	-0.47357081864501244	-1479882.0916794483
0.23740364251255283	0.6626698366237285	16200	920512.0697253484	1944026.50537373	-0.4735079831374954	-1479192.3840210286
0.24055223193579642	0.6626698366237285	16300	920381.4799341941	1946157.6085210252	-0.47292237581602364	-1478661.6025811248
0.24370082135904	0.6626698366237285	16400	917889.8709229807	1948338.7499571585	-0.4711141073097088	-1478269.7252720424
0.2468494107822836	0.6626698366237285	16500	914916.0768504834	1950349.1418212873	-0.4691037400596443	-1477821.8698534938
0.24999800020552718	0.6626698366237285	16600	910588.3660215787	1952262.6844438836	-0.4664271735957328	-1477624.3621775687
0.253146589628768	0.6626698366237285	16700	903363.5540261993	1954044.110647864	-0.46230458621872605	-1477827.2839075578
0.2562951790520088	0.6626698366237285	16800	872262.541470416	1950886.5692355917	-0.4471108444875866	-1480274.2683727741
0.25944376847524964	0.6626698366237285	16900	855013.9562515267	1949584.7324296525	-0.43856209070019403	-1481745.6167998128
0.26259235789849045	0.6626698366237285	17000	833431.7623231234	1945854.1496835877	-0.42831152707855646	-1483213.391474625
0.26574094732173126	0.6626698366237285	17100	827316.0882356348	1946710.6193390104	-0.4249815458018836	-1483701.638461807
0.26888953674497207	0.6626698366237285	17200	825847.1212065809	1948510.7526282857	-0.42383503406004885	-1483977.2500993647
0.2720381261682129	0.6626698366237285	17300	811962.2831300676	1950766.162680484	-0.41622737704983404	-1485750.56574561
0.2751867155914537	0.6626698366237285	17400	808459.8606366899	1954075.7535818345	-0.4137300507182372	-1486499.5221741088
0.2783353050146945	0.6626698366237285	17500	800022.9546016615	1957903.539553419	-0.4086120375389586	-1487907.498174763
0.2814838944379353	0.6626698366237285	17600	791148.8837557273	1960689.1614312755	-0.40350551189776546	-1489071.6079576034
0.2846324838611761	0.6626698366237285	17700	785113.3133506252	1964276.5343855375	-0.39969591837343993	-1490488.8095111593
0.28778107328441693	0.6626698366237285	17800	733248.8225632361	1965598.706887331	-0.37304095693285694	-1496426.7510154273
0.29092966270765774	0.6626698366237285	17900	692285.9668311472	1965928.9757470652	-0.35214190104099474	-1501791.04964549
0.29407825213089855	0.6626698366237285	18000	674085.1481225011	1965369.4934076946	-0.34298138359404634	-1504123.1610592243
0.29722684155413936	0.6626698366237285	18100	671604.9885563735	1964624.1390939087	-0.3418490973373258	-1504306.079227093
0.3003754309773802	0.6626698366237285	18200	657079.7441070906	1961086.964612531	-0.3350589524911332	-1505531.5162949658
0.303524020400621	0.6626698366237285	18300	648205.0491187947	1958565.6155901651	-0.33095906716583207	-1506652.009492632
0.3066726098238618	0.6626698366237285	18400	642557.7409861186	1956606.8517220384	-0.32840411471553116	-1507573.5069111027
0.3098211992471026	0.6626698366237285	18500	643367.7148962351	1956822.3210963963	-0.3287818765966242	-1507462.049354884
0.3129697886703434	0.6626698366237285	18600	644087.5009045647	1957388.1388495062	-0.3290545641515637	-1507200.586828862
0.31611837809358423	0.6626698366237285	18700	646660.1009666177	1958184.5171156265	-0.3302345081959576	-1506881.6974140008
0.31926696751682504	0.6626698366237285	18800	650478.253429655	1958884.4113870638	-0.3320656643385399	-1506643.5900013454
0.32241555694006585	0.6626698366237285	18900	653146.9842490982	1959131.9218628202	-0.3333859128935331	-1506410.678772777
0.32556414636330666	0.6626698366237285	19000	656150.6389924451	1959418.8173602372	-0.33487003042893226	-1506089.7452348245
0.32871273578654747	0.6626698366237285	19100	660515.5711756375	1959507.778292162	-0.3370823930851245	-1505512.3886659648
0.3318613252097883	0.6626698366237285	19200	664816.4833786809	1959414.1845740464	-0.3392934932351754	-1504813.7661684703
0.3350099146330291	0.6626698366237285	19300	669937.5269051187	1959530.5028452394	-0.34188675600220003	-1504043.5344961435
0.3381585040562699	0.6626698366237285	19400	673831.498402724	1960140.697803469	-0.34376690365024243	-1503607.3090967003
0.3413070934795107	0.6626698366237285	19500	677379.6574280891	1961363.3445558667	-0.3453616380199436	-1503306.9824572757
0.3444556829027515	0.6626698366237285	19600	681566.2758594166	1962894.544917839	-0.34722511080591184	-1503003.4952407393
0.34760427232599234	0.6626698366237285	19700	684757.7160602987	1964449.8509480453	-0.3485748010975358	-1502661.1377843793
0.35075286174923315	0.6626698366237285	19800	687253.8611560841	1966302.076198551	-0.3495159108435419	-1502382.6646970047
0.35390145117247396	0.6626698366237285	19900	685737.370525125	1968993.2067120564	-0.34826802255463873	-1502770.155598011
0.35705004059571477	0.6626698366237285	20000	681461.1636371814	1972957.6158551844	-0.34540081254700444	-1504047.103230507
0.3601986300189556	0.6626698366237285	20100	681857.5212408751	1975715.6378796336	-0.3451192611770054	-1504450.8545801723
0.3633472194421964	0.6626698366237285	20200	680476.001600096	1976943.9214773085	-0.34420602132790773	-1504553.3909834127
0.3664958088654372	0.6626698366237285	20300	674442.5320028893	1975639.603440982	-0.3413793339778212	-1504439.845174941
0.369644398288678	0.6626698366237285	20400	675603.8491993055	1977334.530692387	-0.3416740256706764	-1504303.4160001911
0.3727929877119188	0.6626698366237285	20500	674293.7950578185	1978156.2775601402	-0.3408698305118204	-1504201.1738547755
0.37594157713515963	0.6626698366237285	20600	670766.8273167087	1978577.4631409608	-0.3390146910153707	-1504208.1831699542
0.37909016655840044	0.6626698366237285	20700	669774.1773589072	1979415.0946634298	-0.33836974324619484	-1504117.1933657993
0.38223875598164125	0.6626698366237285	20800	668977.0833576038	1980721.264359673	-0.33774418207898144	-1504111.2757449436
0.38538734540488206	0.6626698366237285	20900	667100.1473377955	1981547.5028488415	-0.3366561469652963	-1504097.0270133128
0.3885359348281229	0.6626698366237285	21000	666900.733523793	1983052.4239314885	-0.3363001025467764	-1504184.8583561324
0.3916845242513637	0.6626698366237285	21100	666794.6209244563	1983073.797923084	-0.33624296867963493	-1503980.067825706
0.3948331136746045	0.6626698366237285	21200	670037.1372628398	1983629.4770383742	-0.337783414200533	-1503666.9947276765
0.3979817030978453	0.6626698366237285	21300	673788.0573859517	1984928.6405969337	-0.3394520304686225	-1503495.5559019635
0.4011302925210861	0.6626698366237285	21400	675049.7063398066	1985545.3358283127	-0.33998201610349793	-1503598.000578355
0.40427888194432693	0.6626698366237285	21500	673640.6110755111	1985745.9922007597	-0.33923805648925404	-1503762.2610148082
0.40742747136756774	0.6626698366237285	21600	671470.2356375153	1986498.5870719566	-0.3380169711709907	-1504103.7994615817
0.41057606079080855	0.6626698366237285	21700	666891.9509061921	1987068.841451746	-0.33561592683369895	-1504835.60139641
0.41372465021404936	0.6626698366237285	21800	664610.0080330052	1987343.2760982835	-0.33442134332113094	-1504918.0830306727
0.41687323963729017	0.6626698366237285	21900	664399.0761738629	1987747.6805256186	-0.33424718976312745	-1504786.5055367425
0.420021829060531	0.6626698366237285	22000	659901.278865625	1988435.2074636156	-0.331869641207658	-1505012.148585899
0.4231704184837718	0.6626698366237285	22100	654301.7381164727	1988720.8688185827	-0.32900632178972733	-1505178.5957890104
0.4263190079070126	0.6626698366237285	22200	648269.7969427223	1988126.9199028327	-0.32607062982397805	-1505377.5701371245
0.4294675973302534	0.6626698366237285	22300	640775.4078272575	1988609.255062242	-0.32222288325174353	-1505707.0788908585
0.4326161867534942	0.6626698366237285	22400	635381.7846381537	1989061.8479265654	-0.3194379226068246	-1506062.296693574
0.43576477617673504	0.6626698366237285	22500	634355.8835282219	1989018.5600674513	-0.3189290920979187	-1505799.3777528014
0.43891336559997585	0.6626698366237285	22600	631484.5335390092	1989002.352284197	-0.31748807778623483	-1505927.1414413794
0.44206195502321666	0.6626698366237285	22700	625007.0744648457	1988691.3940603288	-0.31428057481998917	-1506551.8360253728
0.44521054444645747	0.6626698366237285	22800	614271.9222879907	1988629.5216850988	-0.30889208652976097	-1507295.3395912473
0.4483591338696983	0.6626698366237285	22900	595667.4911644014	1989968.6546557057	-0.299335112525911	-1508532.1558270361
0.4515077232929391	0.6626698366237285	23000	555055.8519599608	1986792.5903316047	-0.27937282163273996	-1510328.5314071884
0.4546563127161799	0.6626698366237285	23100	549035.1584297529	1986796.5290382956	-0.27634191544290254	-1510863.3215182843
0.4578049021394207	0.6626698366237285	23200	550240.3096141093	1987135.896148651	-0.27690119768887095	-1510870.570046514
0.4609534915626615	0.6626698366237285	23300	551408.781102112	1987590.5639473496	-0.27742573903501316	-1511007.1138463633
0.46410208098590233	0.6626698366237285	23400	552238.4670860373	1988840.23423295	-0.27766859176550346	-1511304.7255278488
0.46725067040914314	0.6626698366237285	23500	552651.216897205	1989883.6132512395	-0.27773042263222464	-1511411.023528127
0.47039925983238395	0.6626698366237285	23600	554912.58237677	1990697.4836704454	-0.27875284262359284	-1511444.7286344252
0.47354784925562476	0.6626698366237285	23700	557599.3983808806	1991726.4521013275	-0.27995782141297443	-1511381.7792959425
0.4766964386788656	0.6626698366237285	23800	559435.285061859	1992704.9681192026	-0.2807416521823986	-1511270.9039663787
0.4798450281021064	0.6626698366237285	23900	549631.4289896151	1992157.4646574866	-0.2758975827666884	-1512276.9695457767
0.4829936175253472	0.6626698366237285	24000	543993.5341882018	1989577.347079972	-0.2734216566079226	-1512523.9940079318
0.486142206948588	0.6626698366237285	24100	543472.5196487665	1988350.0951465005	-0.2733283846619193	-1512322.794592975
0.4892907963718288	0.6626698366237285	24200	546048.8090399591	1988642.9893790653	-0.27458362911608264	-1512281.4354467767
0.49243938579506963	0.6626698366237285	24300	546875.101341058	1989578.2936193715	-0.2748698571425415	-1512471.0775526457
0.49558797521831044	0.6626698366237285	24400	551074.869181314	1990485.183991829	-0.2768545446171863	-1512368.815182123
0.49873656464155125	0.6626698366237285	24500	554196.6603042735	1990630.6589252895	-0.27840255439624123	-1512213.4776379236
0.5018851540647921	0.6626698366237285	24600	546842.8508100593	1990733.1397784483	-0.274694201790863	-1513237.5947745119
0.5050337434880329	0.6626698366237285	24700	546731.423567402	1990263.2358547456	-0.27470307129127103	-1512745.3365447156
0.5081823329112737	0.6626698366237285	24800	544571.6906695985	1989234.0400453557	-0.2737594871728527	-1512531.071514273
0.5113309223345145	0.6626698366237285	24900	546293.2061958124	1987630.2373426922	-0.2748464960596314	-1511643.3029047009
0.5144795117577553	0.6626698366237285	25000	549615.6286158335	1986360.385273597	-0.2766948196765063	-1510557.8985532087
0.5176281011809961	0.6626698366237285	25100	553198.0640985419	1986037.703390981	-0.2785435861333377	-1509641.4095080148
0.5207766906042369	0.6626698366237285	25200	549660.2412280187	1986575.6157274875	-0.2766872989260628	-1509857.9014458524
0.5239252800274777	0.6626698366237285	25300	548688.0693658106	1988838.4335627009	-0.2758836817040586	-1510398.6578756475
0.5270738694507185	0.6626698366237285	25400	547246.2516123506	1990127.9466490073	-0.2749804365763558	-1510475.7230581872
0.5302224588739594	0.6626698366237285	25500	550399.3819133798	1992098.826056694	-0.27629120338516566	-1510251.085025917
0.5333710482972002	0.6626698366237285	25600	552756.1499161248	1994389.5304810705	-0.2771555613726038	-1510121.2887209367
0.536519637720441	0.6626698366237285	25700	552634.4146892509	1996431.0090279772	-0.276811175638029	-1510030.760232006
0.5396682271436818	0.6626698366237285	25800	553256.1331161758	1998966.2649786596	-0.2767711205581962	-1510153.6710624264
0.5428168165669226	0.6626698366237285	25900	554747.0903470593	2001001.4395863474	-0.2772347282577359	-1510238.6666785006
0.5459654059901634	0.6626698366237285	26000	553703.9836305133	2003443.0573205596	-0.27637620226204324	-1510302.2952923367
0.5491139954134042	0.6626698366237285	26100	552487.0463683378	2004503.532511414	-0.2756228848727119	-1510146.5308598222
0.552262584836645	0.6626698366237285	26200	553513.665088797	2005180.5318103652	-0.27604181085334023	-1509868.9089369022
0.5554111742598858	0.6626698366237285	26300	555285.9367999429	2006108.1391833508	-0.2767976092385475	-1509604.4687490028
0.5585597636831267	0.6626698366237285	26400	556159.1354792156	2006715.729669587	-0.27714893906312743	-1509475.7469965506
0.5617083531063675	0.6626698366237285	26500	552264.3675704938	2006249.8005793276	-0.27527198627559796	-1509510.9569452007
0.5648569425296083	0.6626698366237285	26600	551528.8342306697	2006449.90280838	-0.2748779490874444	-1509611.0716611247
0.5680055319528491	0.6626698366237285	26700	548272.130898003	2006349.7174264572	-0.2732684766448748	-1510171.2387484133
0.5711541213760899	0.6626698366237285	26800	545863.5089072249	2006373.388101784	-0.27206476727826945	-1510704.3474043363
0.5743027107993307	0.6626698366237285	26900	538594.1404357713	2006180.4447385755	-0.26846744611048945	-1511910.7779839446
0.5774513002225715	0.6626698366237285	27000	531853.8277786497	2005682.2504903644	-0.26517352269962907	-1512918.947310376
0.5805998896458123	0.6626698366237285	27100	529081.5021835932	2004494.5547937204	-0.2639475876441282	-1513236.4985016764
0.5837484790690531	0.6626698366237285	27200	525827.9522431999	2003952.3235185463	-0.26239544028669776	-1513821.5311308482
0.586897068492294	0.6626698366237285	27300	517288.00534691283	2005758.062449288	-0.2579014962129768	-1515531.493809507
0.5900456579155348	0.6626698366237285	27400	493961.5108601378	2008744.0344237923	-0.24590565168838474	-1518054.1778093101
0.5931942473387756	0.6626698366237285	27500	493000.1123986137	2008552.9512921127	-0.24545039356889453	-1518072.8779207643
0.5963428367620164	0.6626698366237285	27600	488192.58188177727	2007684.0395317804	-0.24316205750962214	-1518336.5679649813
0.5994914261852572	0.6626698366237285	27700	476665.5426226964	2006829.5590824597	-0.23752168711359428	-1519567.5173823626
0.602640015608498	0.6626698366237285	27800	470883.1479362182	2004744.3660426915	-0.23488438521751687	-1519763.6245425765
0.6057886050317388	0.6626698366237285	27900	469309.3974689375	2003203.3302058799	-0.234279461496654	-1519671.657495104
0.6089371944549796	0.6626698366237285	28000	470879.67340254795	2002575.7004568004	-0.23513701544223137	-1519458.2295740778
0.6120857838782204	0.6626698366237285	28100	472785.9959242692	2002301.5905158971	-0.2361212707234852	-1519289.849115452
0.6152343733014612	0.6626698366237285	28200	473423.3940703777	2001291.9883664588	-0.2365588813738301	-1519175.9809401482
0.6183829627247021	0.6626698366237285	28300	473006.50736798265	1999944.5860210522	-0.23650980665871488	-1518868.2357567574
0.6215315521479429	0.6626698366237285	28400	472293.683739405	1998685.2164378068	-0.23630218498396613	-1518283.438306291
0.6246801415711837	0.6626698366237285	28500	468627.85074352997	1998201.0205849274	-0.23452487808576433	-1517832.7405803837
0.6278287309944245	0.6626698366237285	28600	469241.6513252598	1997789.3908956682	-0.23488044008226758	-1517330.289734359
0.6309773204176653	0.6626698366237285	28700	470136.9314956076	1996959.68395931	-0.2354263510034823	-1516677.4890479746
0.6341259098409061	0.6626698366237285	28800	469555.20982510294	1995860.855737329	-0.23526450176890493	-1516078.4894615216
0.6372744992641469	0.6626698366237285	28900	470045.6870937241	1994552.9425306413	-0.23566468308298766	-1515420.0311130288
0.6404230886873877	0.6626698366237285	29000	467155.98807778023	1991590.4692617257	-0.2345642818078724	-1514901.8774029484
0.6435716781106285	0.6626698366237285	29100	462307.2260909511	1988215.8856209747	-0.2325236557229095	-1514828.6345183328
0.6467202675338694	0.6626698366237285	29200	463501.04932878766	1986403.5879194387	-0.2333367962822999	-1514530.1003677575
0.6498688569571102	0.6626698366237285	29300	466963.8881248289	1985030.898663547	-0.23524262944179844	-1514081.6789689998
0.653017446380351	0.6626698366237285	29400	471897.88233334105	1984369.7945290531	-0.23780743066860466	-1513669.0717982387
0.6561660358035918	0.6626698366237285	29500	476784.8963348923	1983795.9912295882	-0.2403396813194352	-1513262.2259645865
0.6593146252268326	0.6626698366237285	29600	480242.588171889	1983220.3673578128	-0.24215291254380486	-1512951.8221744935
0.6624632146500734	0.6626698366237285	29700	481658.43832625984	1983733.0552194722	-0.24280405927549115	-1512924.1536714162
0.6656118040733142	0.6626698366237285	29800	484696.90870364825	1984310.9012304146	-0.24426460007003012	-1512722.306067526
0.668760393496555	0.6626698366237285	29900	488581.4095570429	1984715.4360665109	-0.24617202077359657	-1512444.117744917
0.6719089829197958	0.6626698366237285	30000	490943.9158443166	1985189.3816491496	-0.24730331543304773	-1512335.0589335926
0.6750575723430366	0.6626698366237285	30100	491947.9403909785	1984485.2701199865	-0.2478969976739783	-1512172.2950872611
0.6782061617662775	0.6626698366237285	30200	493524.53549692454	1983953.9095242422	-0.2487580649568987	-1511927.433792334
0.6813547511895183	0.6626698366237285	30300	495944.8825156008	1983954.3113114994	-0.24997797564589824	-1511687.066607219
0.6845033406127591	0.6626698366237285	30400	497970.27366804425	1983671.816400032	-0.25103460640569103	-1511423.6973519467
0.6876519300359999	0.6626698366237285	30500	500929.4497803434	1983486.3037287411	-0.25254999181927795	-1511023.4318505898
0.6908005194592407	0.6626698366237285	30600	503779.96245870856	1983227.3792793225	-0.2540202740856549	-1510514.3641247868
0.6939491088824815	0.6626698366237285	30700	506321.92500716227	1983146.3728489825	-0.2553124327781119	-1509932.9992399497
0.6970976983057223	0.6626698366237285	30800	507638.32040907565	1983339.2619362378	-0.2559513292312345	-1509427.5789513364
0.7002462877289631	0.6626698366237285	30900	507777.4886119055	1982979.9648694019	-0.25606788651813106	-1508950.9357209587
0.703394877152204	0.6626698366237285	31000	496118.52745385945	1979883.3338168596	-0.2505796775901093	-1508453.988066814
0.7065434665754448	0.6626698366237285	31100	491293.0928466159	1978573.5438551228	-0.24830671287020398	-1508113.8456105087
0.7096920559986856	0.6626698366237285	31200	490895.8696357641	1978279.431403683	-0.24814283656957917	-1507886.113477747
0.7128406454219264	0.6626698366237285	31300	486213.9085921177	1977413.1195604305	-0.24588382861554026	-1507914.9446778211
0.7159892348451672	0.6626698366237285	31400	481687.9456765537	1976538.602130608	-0.24370277674178417	-1507711.5305784594
0.719137824268408	0.6626698366237285	31500	480598.5529467885	1976057.137783645	-0.2432108585108172	-1506958.6868577488
0.7222864136916488	0.6626698366237285	31600	479807.9542653528	1975149.249273343	-0.24292237887434281	-1506398.4679925286
0.7254350031148896	0.6626698366237285	31700	478876.07932971034	1973534.7568703168	-0.2426489210096936	-1506145.5749277708
0.7285835925381304	0.6626698366237285	31800	480884.8594096122	1972552.427770157	-0.24378812580065182	-1505686.86337192
0.7317321819613712	0.6626698366237285	31900	483463.88900988025	1971682.9276545197	-0.2452036695296645	-1505227.1990967423
0.734880771384612	0.6626698366237285	32000	485918.6846217774	1971095.5498653552	-0.2465221357001036	-1504851.9250465098
0.7380293608078529	0.6626698366237285	32100	487565.3576716002	1970551.0596465354	-0.2474258940334469	-1504567.1589511351
0.7411779502310937	0.6626698366237285	32200	490773.23873512994	1970253.554073576	-0.24909141146855804	-1504213.771808203
0.7443265396543345	0.6626698366237285	32300	493877.6776034931	1969737.273288014	-0.2507327674106914	-1503802.3424511456
0.7474751290775753	0.6626698366237285	32400	497836.18406482175	1969272.6505417891	-0.25280206066328925	-1503377.9109240642
0.7506237185008161	0.6626698366237285	32500	503340.90731906623	1969235.1970473388	-0.25560222977619584	-1502923.105046557
0.7537723079240569	0.6626698366237285	32600	508336.21155497	1968934.0374193129	-0.25817838581390345	-1502329.6874741272
0.7569208973472977	0.6626698366237285	32700	510449.5797219694	1967859.8895478114	-0.25939325377441586	-1501781.2549648986
0.7600694867705385	0.6626698366237285	32800	513358.2629546708	1966285.9275207808	-0.261080169353572	-1501068.8978383846
0.7632180761937793	0.6626698366237285	32900	516655.9967942783	1965820.504999882	-0.26281951759085415	-1500627.0018485382
0.7663666656170202	0.6626698366237285	33000	520556.3153087179	1965652.7325630907	-0.26482618556429566	-1500178.899072254
0.769515255040261	0.6626698366237285	33100	523682.0133546436	1965487.4662808084	-0.2664387447586121	-1499781.2819756996
0.7726638444635018	0.6626698366237285	33200	526548.8524316896	1965159.078069382	-0.2679421011295347	-1499276.7714727502
0.7758124338867426	0.6626698366237285	33300	528041.2413307569	1964483.5732160965	-0.2687939204634273	-1498726.2370808052
0.7789610233099834	0.6626698366237285	33400	530252.9516708979	1963897.8219423387	-0.2700002748342915	-1498110.534477006
0.7821096127332242	0.6626698366237285	33500	532116.6701229943	1963861.8623431919	-0.2709542256134536	-1497667.7114261405
0.785258202156465	0.6626698366237285	33600	536076.8404762777	1964674.3269769978	-0.27285786408230195	-1497495.2991578586
0.7884067915797058	0.6626698366237285	33700	540758.0886005767	1965418.7522044051	-0.2751363229815859	-1497271.8168417707
0.7915553810029466	0.6626698366237285	33800	545300.8357331329	1966453.7369008297	-0.2773016346636956	-1497092.477610905
0.7947039704261875	0.6626698366237285	33900	549550.8667493496	1967128.962858621	-0.2793669744716408	-1496895.4968062711
0.7978525598494283	0.6626698366237285	34000	552986.9937973764	1967731.1719134985	-0.28102771440045354	-1496818.0433650364
0.8010011492726691	0.6626698366237285	34100	556286.6499915858	1967637.3823913252	-0.28271807344680294	-1496717.1403815423
0.8041497386959099	0.6626698366237285	34200	560497.5218736697	1967235.5170674636	-0.2849163290367984	-1496355.940082974
0.8072983281191507	0.6626698366237285	34300	564675.4211140156	1966168.4333526632	-0.2871958533843129	-1495778.8742137838
0.8104469175423915	0.6626698366237285	34400	568116.155883881	1964004.6282434915	-0.2892641634923111	-1495128.841944563
0.8135955069656323	0.6626698366237285	34500	570265.8443102225	1962710.795207766	-0.29055011349741733	-1494889.5244826444
0.8167440963888731	0.6626698366237285	34600	571323.0998694755	1963121.254611742	-0.29102792225764446	-1495497.9383810794
0.8198926858121139	0.6626698366237285	34700	571985.9956730906	1964228.5377893534	-0.2912013468233354	-1496292.8130635296
0.8230412752353548	0.6626698366237285	34800	572992.7077945942	1965302.1137080798	-0.29155451663026344	-1496803.5440889315
0.8261898646585956	0.6626698366237285	34900	576018.6533784405	1966546.2644164765	-0.29290877301041257	-1497204.3110560298
0.8293384540818364	0.6626698366237285	35000	579543.9076663005	1967774.5270358617	-0.29451743566336885	-1497662.945323538
0.8324870435050772	0.6626698366237285	35100	582945.7784543212	1968816.691631	-0.29608941296175184	-1498012.5640209957
0.835635632928318	0.6626698366237285	35200	585625.9261234975	1969805.321496245	-0.2973014235125844	-1498388.3756692102
0.8387842223515588	0.6626698366237285	35300	588650.5394679755	1971139.798790834	-0.2986345970128929	-1498823.0642598437
0.8419328117747996	0.6626698366237285	35400	593054.0418901963	1972720.5804048404	-0.30062749270273753	-1499015.27376144
0.8450814011980404	0.6626698366237285	35500	597914.3934901862	1974355.0637536722	-0.30284035757652567	-1499140.3653214586
0.8482299906212812	0.6626698366237285	35600	602214.7965577637	1975831.8563942171	-0.30479050867049595	-1499170.6820624818
0.851378580044522	0.6626698366237285	35700	603341.1603909387	1976796.1913544382	-0.30521161616441017	-1499211.241546421
0.8545271694677629	0.6626698366237285	35800	591166.8389903556	1973437.6074521653	-0.29956196069131874	-1499028.4874634687
0.8576757588910037	0.6626698366237285	35900	588777.4210123909	1973710.3170547367	-0.2983099474754696	-1498468.0585320226
0.8608243483142445	0.6626698366237285	36000	588900.5777988797	1973655.2406156303	-0.29838067240922356	-1498399.9770062373
0.8639729377374853	0.6626698366237285	36100	589696.936024098	1973847.6039044082	-0.2987550481899597	-1498345.7630371854
0.8671215271607261	0.6626698366237285	36200	592047.9045938409	1973821.5282167522	-0.29995006951247827	-1498055.94519029
0.8702701165839669	0.6626698366237285	36300	592464.6191471616	1972966.6585059818	-0.3002912474941681	-1497675.1882017395
0.8734187060072077	0.6626698366237285	36400	593192.6630757459	1971750.507473835	-0.30084570072495215	-1497147.7016833685
0.8765672954304485	0.6626698366237285	36500	589721.1794124651	1971152.0055735142	-0.29917590208416395	-1497070.4012109314
0.8797158848536893	0.6626698366237285	36600	589383.0046263837	1971142.3306915036	-0.299005807672762	-1496995.6224876065
0.8828644742769302	0.6626698366237285	36700	585586.3991619647	1971127.2014699026	-0.2970819938587845	-1497390.9344784813
0.886013063700171	0.6626698366237285	36800	582932.4600913982	1970921.678772407	-0.29576642561183814	-1497542.0442075124
0.8891616531234118	0.6626698366237285	36900	580136.0438349496	1970648.67342852	-0.2943883664588641	-1497481.05741735
0.8923102425466526	0.6626698366237285	37000	577933.9639412574	1969557.9796308856	-0.29343333373184977	-1497181.8579506844
0.8954588319698934	0.6626698366237285	37100	572170.9367822873	1968195.25484039	-0.29070842203035757	-1497172.232642916
0.8986074213931342	0.6626698366237285	37200	567571.7963748891	1968055.311012751	-0.2883921977186808	-1497288.2782731324
0.901756010816375	0.6626698366237285	37300	561748.1194426998	1968040.5437828233	-0.28543523720448805	-1497645.8739642864
0.9049046002396158	0.6626698366237285	37400	561134.2967150714	1967540.3370470651	-0.28519582859339804	-1497249.4828313987
0.9080531896628566	0.6626698366237285	37500	563176.1647552974	1966933.5327808235	-0.28632190939318963	-1496617.2445409456
0.9112017790860975	0.6626698366237285	37600	566444.2311150663	1966639.4011171388	-0.288026483550213	-1496068.364072276
0.9143503685093383	0.6626698366237285	37700	568854.9988564218	1965734.6860362242	-0.2893854409230987	-1495353.6524191631
0.9174989579325791	0.6626698366237285	37800	573725.7394553573	1965702.678438771	-0.29186801531502726	-1494726.3283477733
0.9206475473558199	0.6626698366237285	37900	573334.8145228658	1966052.1632796396	-0.29161729542641746	-1494918.1888554469
0.9237961367790607	0.6626698366237285	38000	576092.9372773467	1966377.4913559977	-0.29297169023231534	-1494855.588795521
0.9269447262023015	0.6626698366237285	38100	579803.1490965493	1966494.2821359169	-0.2948410043007058	-1494665.9165416472
0.9300933156255423	0.6626698366237285	38200	582926.3665855454	1966633.0489333125	-0.29640830398010465	-1494472.2261546154
0.9332419050487831	0.6626698366237285	38300	585144.8936774624	1966912.736885825	-0.2974940792766999	-1494479.3945169142
0.9363904944720239	0.6626698366237285	38400	583460.6504283062	1966848.8722030118	-0.29664742353833645	-1494970.3886676256
0.9395390838952647	0.6626698366237285	38500	584135.018263145	1966496.9339251635	-0.2970434421665743	-1495079.2277339883
0.9426876733185056	0.6626698366237285	38600	586687.2063044674	1966303.5823462652	-0.29837061355724676	-1495158.0938322619
0.9458362627417464	0.6626698366237285	38700	589134.5306482479	1966013.8041955107	-0.2996594069639916	-1495238.6577243833
0.9489848521649872	0.6626698366237285	38800	591089.789759516	1965613.2561157295	-0.3007152032173283	-1495308.3707180202
0.952133441588228	0.6626698366237285	38900	592109.5050930366	1964591.1558314592	-0.30139070072441737	-1495326.1646939467
0.9552820310114688	0.6626698366237285	39000	595623.8822936565	1964183.091870549	-0.3032425463587646	-1495338.157436682
0.9584306204347096	0.6626698366237285	39100	600109.9679156186	1963651.0366284186	-0.30560927411318717	-1495213.3769958427
0.9615792098579504	0.6626698366237285	39200	604204.4314384114	1962584.3989500138	-0.3078616296764928	-1495001.2728065134
0.9647277992811912	0.6626698366237285	39300	608940.9846690418	1961420.7686089631	-0.3104591296343323	-1494661.3566236265
0.967876388704432	0.6626698366237285	39400	613127.3528888633	1960060.3014483699	-0.3128104540639888	-1494419.4077927207
0.9710249781276729	0.6626698366237285	39500	616945.0226082769	1958709.2351199521	-0.3149752967650122	-1494178.9653091943
0.9741735675509137	0.6626698366237285	39600	619719.9908200087	1956579.0933819578	-0.31673648814718713	-1493958.4309343782
0.9773221569741545	0.6626698366237285	39700	623861.7500237587	1955602.7500062636	-0.31901251418354803	-1493684.189699969
0.9804707463973953	0.6626698366237285	39800	628287.9252127993	1954672.5221293275	-0.3214287396480983	-1493530.5083677408
0.9836193358206361	0.6626698366237285	39900	632758.5106094856	1954134.9956768365	-0.32380491215261337	-1493395.9986510053
0.9867679252438769	0.6626698366237285	40000	636291.6148108265	1953746.2755348836	-0.3256777109589764	-1493410.5507551718
0.9899165146671177	0.6626698366237285	40100	640554.0155932014	1953902.861846226	-0.327833091450589	-1493407.182130967
0.9930651040903585	0.6626698366237285	40200	642551.9999574448	1953073.144467778	-0.3289953588156799	-1493591.8126263695
0.9962136935135993	0.6626698366237285	40300	641924.8788200639	1950490.6185096528	-0.32910944186470953	-1493901.2671110826
0.9993622829368402	0.6626698366237285	40400	644501.16823781	1949105.3881180005	-0.33066512060700914	-1493835.1485687185
1.0025108723600897	0.6626698366237285	40500	643419.3436903345	1947652.8892573332	-0.3303562699694806	-1494193.3544824151
1.0056594617833416	0.6626698366237285	40600	642041.0772862573	1947849.3540584436	-0.3296153657614907	-1495192.6904649262
1.0088080512065936	0.6626698366237285	40700	644659.4223148909	1949425.008971359	-0.3306920857935717	-1495827.3581307053
1.0119566406298455	0.6626698366237285	40800	647646.5462243578	1950537.4755171959	-0.3320349156852937	-1496266.4668983538
