# exz		ezz		i		sxz		szz		tanPhi		tens_media
0.0	0.9952598185037945	100	0.22178980998906772	1.1212944832760205	0.19779800337648804	-0.848215444493072
0.0	0.9905421063282059	200	0.5317580859517155	0.32473439396600473	1.6375169856734773	-0.580639584018709
0.0	0.9858467569645768	300	0.006962491483066766	0.05766557993583458	-0.12073912186115257	-0.03376826856644615
0.0	0.9811736644091192	400	0.23369436695425122	0.08966478469021726	-2.6063115833227233	-0.7517661223039473
0.0	0.976522723160523	500	0.40145338320472296	1.4276523992830332	-0.2811982688547526	-1.6286737473868598
0.0	0.9718938282175728	600	0.3921320432829321	0.684504603178796	-0.5728698411404332	-0.7030483959329453
0.0	0.9672868750767799	700	0.398380039159501	0.7205848037014491	-0.5528565647140081	-0.9797860621761559
0.0	0.9627017597300191	800	0.7749690620511225	0.8616889423253579	-0.8993605743155846	-1.4746239204346356
0.0	0.9581383786621822	900	0.1060128150513397	0.1479724256943868	-0.7164362857056361	-0.8862745102184818
0.0	0.9535966288488433	1000	0.4115299726793721	2.324191203297954	-0.17706373386811897	-2.469299053373774
0.0	0.9490764077539301	1100	1.5168580974860515	2.2706075818184503	-0.6680406203309041	-1.9159802582696177
0.0	0.9445776133274102	1200	0.4825600280606684	1.5179760804184048	-0.3178969907929371	-2.050542500628227
0.0	0.9401001440029859	1300	0.3507282370379359	1.4260320849355228	-0.24594694659608157	-2.6832558477994026
0.0	0.9356438986958028	1400	1.2831464618165276	1.9792669539124002	0.6482937833525402	-2.5738296580904385
0.0	0.9312087768001674	1500	1.4892525781095312	3.4018371832264145	0.43777891118735873	-2.402897718603772
0.0	0.9267946781872749	1600	1.2345150888204204	3.5485981936067326	-0.3478881015733373	-4.535893882613903
0.0	0.9224015032029503	1700	0.42070273290169197	3.0369159847555265	-0.1385295921959984	-2.880211500606197
0.0	0.9180291526653955	1800	0.9562720482465693	4.233920976381756	0.22585968268679987	-3.0513844532057717
0.0	0.9136775278629538	1900	1.580576194062737	1.658736756411324	-0.952879465625584	-2.303016291196806
0.0	0.909346530551879	2000	0.19910215078572302	5.883394009032687	0.03384137633482382	-3.388295905969899
0.0	0.9050360629541184	2100	0.7852676414152802	5.1037381464063944	-0.15386127165795072	-4.893851760203348
0.0	0.9007460277551048	2200	1.483581087163418	4.977675370898455	0.29804697506732675	-5.060228985823472
0.0	0.8964763281015592	2300	0.028590121121696115	3.4792449501875713	0.00821733494796185	-5.771816050003632
0.0	0.8922268675993059	2400	1.1119894714928558	8.306209796526533	-0.133874474487493	-7.864214090987402
0.0	0.8879975503110944	2500	6.283081906586637	9.70658896058213	-0.6473007080140977	-11.80826104977514
0.0	0.8837882807544342	2600	2.8258101386974546	10.543671048221169	-0.26801008166640394	-12.902874693439742
0.0	0.8795989638994389	2700	1.9218306258725857	8.815288122681917	-0.2180110960783773	-14.011420902581449
0.0	0.8754295051666817	2800	3.788239635999116	22.5686471605556	-0.167854085761065	-34.20781475474356
0.0	0.8712798104250579	2900	0.574568339168298	29.493821718600426	0.019480972816959274	-31.196212013698524
0.0	0.8671497859896637	3000	3.4839799940765657	21.907490824828756	0.1590314482810607	-18.002391092965183
0.0	0.8630393386196772	3100	1.8035431517164502	30.143324400574453	-0.059832257641830616	-32.87761541008135
0.0	0.8589483755162548	3200	1.402347016670309	69.52594651348059	-0.02017012478065874	-68.5477363551665
0.0	0.8548768043204369	3300	8.370511801753267	100.89373100158707	0.08296364619147246	-112.76597328431687
0.0	0.8508245331110612	3400	3.525974545385835	89.11579933407307	0.03956621128614724	-88.68947704497613
0.0	0.8467914704026903	3500	23.566786975170423	110.59815545025836	0.21308481031376342	-103.37078359444585
0.0	0.8427775251435424	3600	7.822045121780128	172.71725940802062	0.045288149827005006	-170.98135249918883
0.0	0.8387826067134388	3700	8.860180273069014	286.81026959749414	-0.030892130485785176	-270.4873414223694
0.0	0.8348066249217574	3800	1.3425342610545004	345.8455003970469	0.003881890206792362	-347.90149506245206
0.0	0.8308494900053937	3900	0.9429491845343397	579.0455141167782	-0.0016284543469309593	-587.3288797431661
0.0	0.8269111126267381	4000	18.65204414356034	750.1319447936579	0.024865017778560327	-730.7973021875324
0.0	0.8229914038716579	4100	41.7330541277998	1279.407506975547	-0.03261904741082423	-1237.998134538327
0.0	0.8190902752474893	4200	2.598998958646955	1734.2712227944735	-0.0014986115922855047	-1660.5443022110558
0.0	0.8152076386810391	4300	57.42793599925724	2097.0187413408526	-0.02738551395231561	-2089.850847643031
0.0	0.8113434065165981	4400	55.104191900456684	3514.1737686571146	-0.015680554101203104	-3243.0045075172616
0.0	0.8074974915139597	4500	230.01443208728938	4491.588487974532	-0.05121004132571675	-4429.729307372584
0.0	0.803669806846453	4600	246.030431961357	6186.313053872408	-0.03977012314424516	-6132.350585822016
0.0	0.7998602660989804	4700	131.0684807458843	7717.630707066493	-0.016982994615934926	-7313.281667971787
0.0	0.7960687832660679	4800	5.809496961057084	11350.839411017396	-0.0005118121004705826	-10972.624077889217
0.0	0.7922952727499231	4900	254.32549070407254	17122.760420981143	-0.014853066004032751	-16257.915283787277
0.0	0.7885396493585031	5000	343.9712075582007	22196.779387577288	0.015496446648954335	-21163.544278494828
0.0	0.7848018283035894	5100	1009.1586154666114	34623.5600882793	0.02914658726293804	-32262.713524398085
0.0	0.7810817251988766	5200	692.5404045757105	44880.35999152383	0.015430812157177542	-42049.09550224623
0.0	0.7773792560580653	5300	72.84585360132348	57036.13846017956	-0.0012771876842991687	-53920.355151469084
0.0	0.773694337292965	5400	831.1856501243616	72374.09837872656	-0.011484573469569853	-68390.59439794651
0.0	0.7700268857116096	5500	1477.0038907802084	93850.41647326718	-0.015737851213488495	-87731.29319481594
0.0	0.766376818516379	5600	2727.933653606107	116478.89677869447	-0.023419981894137257	-110559.9228168623
0.0	0.7627440533021267	5700	134.2096362786252	137765.98744902652	0.0009741855646937734	-130442.61683497149
0.0	0.7591285080543231	5800	1032.7278829032516	155439.96121876527	0.0066439020880209605	-151366.7624595177
0.0	0.755530101147202	5900	1915.9565192711075	186190.60964126047	-0.010290296180686252	-180708.01518172259
0.0	0.7519487513419174	6000	2491.0175809801913	222862.05986808715	-0.011177396378973763	-214752.5867388402
0.0	0.748384377784712	6100	3176.702238130229	258515.01217076846	-0.012288269882105648	-247795.52236486928
0.0	0.7448369000050874	6200	2008.5901480134314	299244.0137239432	-0.006712214968037369	-283959.0891343668
0.0	0.7413062379139924	6300	1419.4371437738641	342967.27214700734	-0.004138695610482173	-322450.09962725284
0.0	0.7377923118020104	6400	3176.726085796852	389424.9798022005	-0.008157478976850426	-361950.89470132795
0.0	0.7342950423375637	6500	1864.7864049398236	434655.1937664633	-0.004290266012423995	-404096.5825892722
0.0	0.73081435056512	6600	5575.282785047128	481495.2367649302	-0.011579102677123731	-446588.1232233008
0.0	0.7273501579034098	6700	2389.770915765733	524695.1787104064	-0.004554589050426006	-490641.5144203701
0.0	0.7239023861436542	6800	3345.414494975907	571384.477605858	-0.005854927156917937	-535208.0605414528
0.0	0.7204709574477975	6900	593.2237157556804	625607.066878189	0.0009482369160500325	-584527.8499565761
0.0	0.7170557943467492	7000	1022.655064522208	683238.8267733576	0.0014967753945597136	-635409.4416827186
0.0	0.7136568197386401	7100	117.21797377056531	738652.838526331	-0.00015869156342027216	-683149.1065216484
0.0	0.7102739568870738	7200	12791.674902723704	786846.6331491267	0.016256884586934958	-729178.1172297435
0.0	0.7069071294194009	7300	6381.766467546602	845588.2809276833	0.007547132110848619	-783431.4895690061
0.0	0.7035562613249914	7400	7486.11320691667	912609.4059541028	0.008202976167104248	-841229.6338269968
0.0	0.7002212769535189	7500	7457.9836225124545	985247.1938207095	0.007569657309645301	-898549.4442476725
0.0	0.696902101013254	7600	7008.263984358926	1057968.9525764482	0.006624262429716729	-957219.3348416504
0.0	0.6935986585693644	7700	5387.168155047687	1128872.4491786829	0.004772167270950008	-1020617.6897896319
0.0	0.6903108750422211	7800	4609.91375403595	1203399.36075881	0.003830743063656892	-1086342.1375931387
0.0	0.6870386762057165	7900	3357.7423165876685	1281874.2837392287	0.0026194006379417567	-1154352.5699174313
0.0	0.6837819881855894	8000	1647.7537318415643	1368543.481407426	0.0012040200068374847	-1224969.1991510931
0.0	0.680540737457754	8100	1814.9681589983527	1451053.0451816134	-0.0012507938045581179	-1294029.6520358657
0.0	0.6773148508466424	8200	3293.6560752505	1537036.0126250358	-0.0021428620072638446	-1366155.5406562316
0.0	0.6741042555235539	8300	4221.5480038630185	1629613.5477920563	-0.0025905209303044535	-1440941.747359978
0.0	0.6709088790050081	8400	5459.832462732317	1724535.4864973815	-0.0031659728115085136	-1518875.220673455
0.0	0.6677286491511086	8500	6187.302894305369	1821515.4819865532	-0.0033967885288339506	-1596994.5822089408
0.0	0.664563494163916	8600	15867.257726085505	1920074.9719507892	-0.008263874045482936	-1674917.9248468932
0.0	0.6614133425858272	8700	18860.449906472768	2018269.6788729012	-0.009344861147101684	-1754128.025463491
0.0	0.6582781232979588	8800	20324.370828136503	2124204.966306867	-0.009567989506903546	-1837239.2643456555
0.0	0.655157765518545	8900	21706.949605245933	2237668.5867152642	-0.00970069908212376	-1925099.3870164908
0.0	0.6520521988013382	9000	24371.333125863024	2356392.0645860797	-0.010342647767379939	-2015281.8604372256
0.0	0.6489613530340205	9100	25649.368603511306	2475344.2852085354	-0.010361939854904053	-2106310.9820690127
0.0	0.6458851584366158	9200	26109.328151906127	2598336.075887324	-0.010048480023120131	-2199143.967323302
0.0	0.6428235455599212	9300	28069.46061262169	2724089.128524894	-0.010304163809728732	-2296379.4651372675
0.0	0.6397764452839327	9400	27961.441409038838	2853697.4741006983	-0.009798320131271267	-2396415.7116333623
0.0	0.6367437888162899	9500	27755.040189146326	2985771.212528488	-0.009295769238006044	-2498067.0786154284
0.0	0.6337255076907192	9600	27078.392400773188	3118639.6743533784	-0.008682757621361835	-2599654.5960556273
0.0	0.6307215337654903	9700	25909.43352377472	3255237.375819708	-0.007959306966746292	-2702917.476038926
0.0010755621481755018	0.6288064675383885	9800	29449.930566274186	3342361.8669387074	-0.008811113738934433	-2767295.3428770653
0.004063234781996328	0.6288064675383885	9900	50304.94074817294	3342040.2931794096	-0.015052164646499801	-2766913.466934363
0.007050907415817147	0.6288064675383885	10000	71104.27801208432	3341707.0773703684	-0.021277830870812645	-2766431.902999161
0.010038580049637966	0.6288064675383885	10100	91850.07552509365	3341383.1793150366	-0.027488638864795613	-2765844.4731525388
0.013026252683458785	0.6288064675383885	10200	112530.89406526505	3341021.4111794396	-0.03368158422712402	-2765153.1873731664
0.016013925317279628	0.6288064675383885	10300	133173.0883160604	3340628.801518497	-0.03986467704987935	-2764348.2933090716
0.01900159795110062	0.6288064675383885	10400	153762.68092285216	3340168.115775204	-0.04603441371607911	-2763424.8870421336
0.021989270584921613	0.6288064675383885	10500	174321.95894904138	3339634.24145399	-0.05219791939645047	-2762396.8578231167
0.024976943218742605	0.6288064675383885	10600	194800.63199778617	3339090.640341937	-0.058339426203128694	-2761286.05415405
0.027964615852563598	0.6288064675383885	10700	215234.6822924174	3338524.274503231	-0.06447000668414912	-2760064.924661621
0.03095228848638459	0.6288064675383885	10800	235630.2448151593	3337896.0004567145	-0.07059244649411446	-2758722.8636423834
0.03393996112020558	0.6288064675383885	10900	255949.38016835065	3337288.7769578616	-0.07669380664194839	-2757314.2270749314
0.03692763375402657	0.6288064675383885	11000	276169.2786335967	3336686.8533256347	-0.08276751483536497	-2755818.580140002
0.039915306387847564	0.6288064675383885	11100	296336.61339685915	3336006.390714687	-0.08882974991345076	-2754208.5629231376
0.04290297902166856	0.6288064675383885	11200	316359.552250001	3335300.5457932	-0.09485188753050273	-2752496.749422223
0.04589065165548955	0.6288064675383885	11300	336321.54653444816	3334625.2497892603	-0.10085737416991694	-2750705.462961756
0.04887832428931054	0.6288064675383885	11400	356233.5934330069	3333924.9980318793	-0.10685111202060718	-2748821.1726169037
0.051865996923131534	0.6288064675383885	11500	375999.54830513865	3333215.899008448	-0.1128038386043309	-2746845.7866351292
0.054853669556952526	0.6288064675383885	11600	395603.6580532999	3332536.5627725683	-0.11870947267992456	-2744821.399788953
0.05784134219077352	0.6288064675383885	11700	415124.0809723826	3331894.5777656357	-0.12459100109066605	-2742723.7815933963
0.06082901482459451	0.6288064675383885	11800	434556.8909624851	3331251.8913899506	-0.13044852359728584	-2740555.369852583
0.0638166874584155	0.6288064675383885	11900	453879.10374225397	3330619.132541636	-0.13627469418753183	-2738300.7562847636
0.06680436009223649	0.6288064675383885	12000	473065.17808199953	3330014.6843824037	-0.14206098858982535	-2735999.4941758537
0.06979203272605748	0.6288064675383885	12100	492114.4920460197	3329488.554354171	-0.14780483068561753	-2733643.9309027577
0.07277970535987847	0.6288064675383885	12200	511034.87131714093	3328986.7931204075	-0.15351063343754667	-2731217.975064542
0.07576737799369947	0.6288064675383885	12300	529873.1764916704	3328525.6002379954	-0.15919155810421995	-2728710.1679141647
0.07875505062752046	0.6288064675383885	12400	548644.7495651232	3328042.9398097284	-0.16485506932686705	-2726119.110300384
0.08174272326134145	0.6288064675383885	12500	567252.9998506112	3327585.018293022	-0.17046987431792185	-2723488.4843809013
0.08473039589516244	0.6288064675383885	12600	585739.4253434802	3327134.4606390116	-0.17604921961313902	-2720801.2818666208
0.08771806852898344	0.6288064675383885	12700	604101.2840310042	3326686.856019461	-0.18159247027952613	-2718044.0484129046
0.09070574116280443	0.6288064675383885	12800	622304.8268146678	3326318.506270515	-0.1870851590554385	-2715270.0987549373
0.09369341379662542	0.6288064675383885	12900	640329.1940910491	3326008.1288371054	-0.1925218367746238	-2712469.485534948
0.09668108643044641	0.6288064675383885	13000	658145.1470981298	3325692.2691953075	-0.19789718766053369	-2709649.894358567
0.0996687590642674	0.6288064675383885	13100	675855.6836485844	3325418.035258701	-0.20323931502224085	-2706803.588084296
0.1026564316980884	0.6288064675383885	13200	693423.4898852046	3325222.6988702104	-0.20853445097701415	-2703876.962680623
0.10564410433190939	0.6288064675383885	13300	710853.5856379685	3324961.1525196778	-0.21379304991256182	-2700848.5239546145
0.10863177696573038	0.6288064675383885	13400	728124.6797729044	3324724.8270123745	-0.21900299052033226	-2697761.606427294
0.11161944959955138	0.6288064675383885	13500	745241.3209290754	3324469.6362223136	-0.22416848474390447	-2694589.8365303027
0.11460712223337237	0.6288064675383885	13600	762191.5445900552	3324203.2023969935	-0.22928548532787027	-2691378.1088069505
0.11759479486719336	0.6288064675383885	13700	778955.6490727573	3324094.8264443455	-0.234336169617031	-2688169.6976544005
0.12058246750101435	0.6288064675383885	13800	795517.1663688368	3324011.3674255395	-0.23932444219797241	-2684885.214440824
0.12357014013483535	0.6288064675383885	13900	811847.0000107681	3324012.1238071113	-0.24423707548964363	-2681562.8817982003
0.1265578127686556	0.6288064675383885	14000	827984.002604079	3324165.9554507313	-0.24908022454366624	-2678192.081952829
0.1295454854024752	0.6288064675383885	14100	844019.2912156268	3324279.441348855	-0.2538954098495278	-2674745.007790998
0.1325331580362948	0.6288064675383885	14200	859969.3421510134	3324320.957168518	-0.25869022673535413	-2671239.1696017343
0.13552083067011442	0.6288064675383885	14300	875757.0167206802	3324492.5701566376	-0.2634257704716175	-2667747.5963478005
0.13850850330393402	0.6288064675383885	14400	891406.4851569431	3324719.2916892944	-0.2681148111917798	-2664241.1850535558
0.14149617593775363	0.6288064675383885	14500	906897.0262601005	3324963.6231134604	-0.2727539693835483	-2660708.0251354952
0.14448384857157323	0.6288064675383885	14600	922131.9667865979	3325409.5742545626	-0.2772987646170793	-2657269.6062250515
0.14747152120539284	0.6288064675383885	14700	937131.943135171	3325980.1336113065	-0.2817611367142007	-2653885.9942128956
0.15045919383921244	0.6288064675383885	14800	951903.0979670126	3326574.5171481227	-0.2861511422816647	-2650504.3593904614
0.15344686647303205	0.6288064675383885	14900	966455.8065431362	3327214.3883418846	-0.2904699528619101	-2647148.086492937
0.15643453910685165	0.6288064675383885	15000	980870.1966209689	3327842.4518162874	-0.2947465845582997	-2643744.6206726595
0.15942221174067125	0.6288064675383885	15100	995101.8090398883	3328595.1196050765	-0.29895549722429227	-2640322.036288674
0.16240988437449086	0.6288064675383885	15200	1009100.021210526	3329433.6839476065	-0.30308458344605543	-2636885.898237198
0.16539755700831046	0.6288064675383885	15300	1022832.1422694813	3330246.2917581894	-0.30713408338621145	-2633433.9825523365
0.16838522964213007	0.6288064675383885	15400	1036329.1058513643	3330980.2128735455	-0.3111183614499323	-2629916.115055879
0.17137290227594967	0.6288064675383885	15500	1049721.1291371996	3331619.1066105664	-0.3150783734714311	-2626351.6455554925
0.17436057490976928	0.6288064675383885	15600	1062818.3917285332	3332346.9542010687	-0.3189398962159822	-2622832.926122692
0.17734824754358888	0.6288064675383885	15700	1075652.8817647477	3333147.483859077	-0.32271385738964364	-2619313.1211410775
0.1803359201774085	0.6288064675383885	15800	1088374.923210537	3333863.3560898644	-0.32646056750419494	-2615725.891321965
0.1833235928112281	0.6288064675383885	15900	1101000.0207986352	3334520.549968981	-0.330182406825736	-2612071.31539178
0.1863112654450477	0.6288064675383885	16000	1113484.9033693185	3335209.8563980944	-0.3338575236077773	-2608369.988714673
0.1892989380788673	0.6288064675383885	16100	1125829.087122819	3335987.9051453117	-0.33747996669483704	-2604635.368713554
0.1922866107126869	0.6288064675383885	16200	1137933.4826529578	3336854.0229662526	-0.34101985727305106	-2600952.3846321497
0.1952742833465065	0.6288064675383885	16300	1149787.5893611524	3337662.667226372	-0.34448885462611367	-2597266.575838422
0.19826195598032612	0.6288064675383885	16400	1161415.301096784	3338482.8428674187	-0.34788715586126717	-2593538.203571304
0.20124962861414572	0.6288064675383885	16500	1172897.0083995308	3339423.8778024693	-0.3512273527766004	-2589855.62947645
0.20423730124796532	0.6288064675383885	16600	1184142.525892031	3340455.9609026946	-0.35448529774122184	-2586219.2660929444
0.20722497388178493	0.6288064675383885	16700	1195200.1150645735	3341433.8277041023	-0.3576907928432014	-2582531.9458135553
0.21021264651560453	0.6288064675383885	16800	1206037.4639246468	3342463.960089623	-0.36082287747159697	-2578848.962329062
0.21320031914942414	0.6288064675383885	16900	1216691.3983487918	3343432.678371382	-0.36390485928415756	-2575163.8823210723
0.21618799178324374	0.6288064675383885	17000	1227110.2234709505	3344515.8432941595	-0.3669022007868009	-2571508.2841240815
0.21917566441706335	0.6288064675383885	17100	1237363.5945755462	3345700.7501299535	-0.36983690024503374	-2567866.284300864
0.22216333705088295	0.6288064675383885	17200	1247295.2476119662	3347021.0185869616	-0.37265832532433474	-2564300.382493626
0.22515100968470256	0.6288064675383885	17300	1256986.3704224376	3348515.835399379	-0.375386120959621	-2560819.7840235014
0.22813868231852216	0.6288064675383885	17400	1266326.2994482124	3350183.455333363	-0.3779871509520679	-2557359.9458239037
0.23112635495234177	0.6288064675383885	17500	1275423.9771211038	3351756.2992539154	-0.38052407849729614	-2553858.574441819
0.23411402758616137	0.6288064675383885	17600	1284307.6726146466	3353335.905963541	-0.3829940419421287	-2550348.2844582074
0.23710170021998098	0.6288064675383885	17700	1292961.7061536866	3354928.535051696	-0.38539172821270345	-2546857.5122749764
0.24008937285380058	0.6288064675383885	17800	1301411.5845043077	3356504.117999837	-0.3877282847726186	-2543320.2563451203
0.24307704548762019	0.6288064675383885	17900	1309595.4624609961	3358292.4983001063	-0.3899587254903748	-2539842.2479928588
0.2460647181214398	0.6288064675383885	18000	1317564.7714847703	3360135.907788161	-0.3921165118443286	-2536406.1417629565
0.2490523907552594	0.6288064675383885	18100	1325176.2406408489	3362004.141708797	-0.3941625842160043	-2533068.945882595
0.252040063389079	0.6288064675383885	18200	1332362.557413744	3364083.9520071517	-0.3960550855512394	-2529813.5663812575
0.25502773602289863	0.6288064675383885	18300	1339304.860760843	3366190.210007025	-0.3978696321970611	-2526637.42742327
0.25801540865671824	0.6288064675383885	18400	1345988.4224613388	3368184.9509322853	-0.39961832324224966	-2523555.22163976
0.26100308129053784	0.6288064675383885	18500	1352347.0881803916	3369966.0291155186	-0.4012939823418127	-2520470.702649412
0.26399075392435745	0.6288064675383885	18600	1358128.353760177	3371832.7458914528	-0.40278639425844714	-2517497.7358928104
0.26697842655817705	0.6288064675383885	18700	1363729.5733288827	3373769.6623720084	-0.40421537621216275	-2514554.891310718
0.26996609919199666	0.6288064675383885	18800	1369316.5537495245	3375519.621750349	-0.4056609669593555	-2511621.925798007
0.27295377182581626	0.6288064675383885	18900	1374360.162249213	3377092.8998689633	-0.4069654590498652	-2508752.823570851
0.27594144445963587	0.6288064675383885	19000	1378382.5617318652	3379021.4617962004	-0.40792358891948344	-2506069.602673538
0.27892911709345547	0.6288064675383885	19100	1382408.5797850667	3380941.2034680666	-0.4088827626954985	-2503370.0578202554
0.2819167897272751	0.6288064675383885	19200	1386375.0086290627	3382851.5615237453	-0.4098243695932655	-2500676.4694134365
0.2849044623610947	0.6288064675383885	19300	1390283.0143914786	3384623.427428379	-0.41076445997651473	-2497963.109643392
0.2878921349949143	0.6288064675383885	19400	1394154.8217774543	3386066.509209466	-0.4117328522595804	-2495173.0424571405
0.2908798076287339	0.6288064675383885	19500	1397316.3060712903	3387374.1402540286	-0.41250722483419017	-2492366.1171476576
0.2938674802625535	0.6288064675383885	19600	1400128.2094517504	3388519.690603868	-0.4131976016943946	-2489695.1899751
0.2968551528963731	0.6288064675383885	19700	1402233.3076945415	3390065.490458081	-0.4136301530579179	-2487182.664353319
0.2998428255301927	0.6288064675383885	19800	1405542.994910793	3391742.9427750753	-0.4144013914453074	-2484467.07360117
0.3028304981640123	0.6288064675383885	19900	1408072.96769362	3393414.299687281	-0.4149428402607311	-2481843.8705127095
0.3058181707978319	0.6288064675383885	20000	1409372.4036475043	3395527.963098474	-0.4150672351882001	-2479588.011915613
0.3088058434316515	0.6288064675383885	20100	1411820.4170704272	3397632.0845101574	-0.4155306937166423	-2477303.9484833847
0.3117935160654711	0.6288064675383885	20200	1414483.9807845666	3399966.2481308253	-0.41602883015741615	-2475034.7284054924
0.3147811886992907	0.6288064675383885	20300	1413333.7726879409	3403225.668641477	-0.4152924050000261	-2473598.8310406175
0.31776886133311033	0.6288064675383885	20400	1408757.1189692575	3405597.019059663	-0.41365937046721885	-2473034.5458226283
0.32075653396692994	0.6288064675383885	20500	1394752.8603390995	3406452.3447787967	-0.40944440701684615	-2474298.8765659877
0.32374420660074954	0.6288064675383885	20600	1359593.1042821468	3402398.0546737034	-0.3995984839030054	-2479872.7615037467
0.32673187923456914	0.6288064675383885	20700	1360953.802338489	3405295.255165494	-0.3996580914016362	-2478544.722138062
0.32971955186838875	0.6288064675383885	20800	1353687.8667592723	3408973.071719601	-0.3970955001050878	-2478989.006552813
0.33270722450220835	0.6288064675383885	20900	1343412.9870083649	3412897.465923834	-0.39362828811053	-2480262.0701163043
0.33569489713602796	0.6288064675383885	21000	1320016.8510343174	3423214.0982728368	-0.38560744760321136	-2485040.6677018427
0.33868256976984756	0.6288064675383885	21100	1281668.1155307977	3431074.1986738993	-0.37354718706641754	-2493596.3200773424
0.34167024240366717	0.6288064675383885	21200	1274451.657721739	3435329.098119159	-0.37098386248336457	-2494377.2135743895
0.3446579150374868	0.6288064675383885	21300	1246057.6193574076	3441956.348342733	-0.3620201691277612	-2497833.9643310416
0.3476455876713064	0.6288064675383885	21400	1140036.8882696538	3452242.470425573	-0.33023082765363126	-2516117.3479762264
0.350633260305126	0.6288064675383885	21500	1090112.3346208185	3457483.848412276	-0.3152906513565965	-2528197.092025673
0.3536209329389456	0.6288064675383885	21600	1091675.3372321592	3458125.575894829	-0.3156841223007571	-2527642.5918329027
0.3566086055727652	0.6288064675383885	21700	1089989.3670465783	3458787.600720094	-0.31513625376118803	-2527854.1307291775
0.3595962782065848	0.6288064675383885	21800	1090665.2992558158	3459635.6625572224	-0.3152543809915638	-2527358.2473026677
0.3625839508404044	0.6288064675383885	21900	1092290.63322323	3460005.1764940736	-0.3156904621541687	-2526554.211926813
0.365571623474224	0.6288064675383885	22000	1095526.190131565	3460098.5644760877	-0.31661704709196475	-2525403.450798143
0.3685592961080436	0.6288064675383885	22100	1097935.7821191435	3459921.4003401687	-0.3173296890533981	-2524133.048555344
0.3715469687418632	0.6288064675383885	22200	1098956.702791995	3459968.3596491534	-0.3176204486746899	-2522962.175864591
0.3745346413756828	0.6288064675383885	22300	1099968.15277573	3460765.7492832085	-0.3178395281459182	-2521868.1272881427
0.3775223140095024	0.6288064675383885	22400	1097853.7657442624	3461433.377747298	-0.31716738296975283	-2521175.7248526183
0.38050998664332203	0.6288064675383885	22500	1096103.2586993831	3462290.835996748	-0.31658324231558366	-2520510.134369245
0.38349765927714163	0.6288064675383885	22600	1086799.988126858	3465607.566943701	-0.31359580308318075	-2521975.4951476636
0.38648533191096124	0.6288064675383885	22700	1078193.5816585887	3468921.312459607	-0.3108152317511363	-2523389.7820167444
0.38947300454478084	0.6288064675383885	22800	1067583.412002124	3471497.5981010166	-0.30752820125415464	-2525332.6427111877
0.39246067717860045	0.6288064675383885	22900	1055762.4784067532	3473535.0955746584	-0.3039446700140765	-2527520.5206023953
0.39544834981242005	0.6288064675383885	23000	1045280.976213658	3474410.8838577997	-0.30085128419038165	-2528906.2574508185
0.39843602244623966	0.6288064675383885	23100	1044357.3207192814	3474527.9103159285	-0.300575314884813	-2528899.296186459
0.40142369508005926	0.6288064675383885	23200	1038791.2356586577	3473702.369164157	-0.2990443985299212	-2530059.440300152
0.40441136771387887	0.6288064675383885	23300	1039394.0168981663	3472971.1514521292	-0.2992809244797705	-2529654.1039154553
0.40739904034769847	0.6288064675383885	23400	1040806.7272517285	3471384.715867091	-0.29982465570421607	-2529149.449841437
0.4103867129815181	0.6288064675383885	23500	1044682.8874035308	3470209.9771858375	-0.30104313406726907	-2528186.610248366
0.4133743856153377	0.6288064675383885	23600	1046233.5637054462	3469812.1377704716	-0.3015245558446008	-2527777.991723496
0.4163620582491573	0.6288064675383885	23700	1037490.5033595103	3470349.4990258995	-0.298958506528154	-2530007.2057745024
0.4193497308829769	0.6288064675383885	23800	1034980.706849277	3468794.3926057667	-0.29836899790183213	-2530538.2155172937
0.4223374035167965	0.6288064675383885	23900	1029538.3462113694	3467904.55911352	-0.29687620540357207	-2532084.304622645
0.4253250761506161	0.6288064675383885	24000	1027371.3042206375	3467258.2155517214	-0.2963065455040414	-2532849.611698356
0.4283127487844357	0.6288064675383885	24100	1026636.0282638099	3466297.535694172	-0.2961765450576684	-2532842.047476928
0.4313004214182553	0.6288064675383885	24200	971222.6011360448	3464549.854309934	-0.28033154146355677	-2545880.638869019
0.4342880940520749	0.6288064675383885	24300	976398.9069893562	3465524.632914622	-0.2817463473541009	-2545164.092570651
0.4372757666858945	0.6288064675383885	24400	978739.663327119	3466409.9197844975	-0.2823496603044472	-2545121.8351274463
0.4402634393197141	0.6288064675383885	24500	977414.8834222861	3466587.758521881	-0.28195301879189877	-2545617.924357949
0.4432511119535337	0.6288064675383885	24600	980033.0294959537	3466370.2782592042	-0.28272600755973537	-2545007.9917191104
0.44623878458735333	0.6288064675383885	24700	982609.4623432206	3465818.308782913	-0.283514418471718	-2544286.3348847902
0.44922645722117294	0.6288064675383885	24800	986287.0373965991	3465427.044201295	-0.2846076471432157	-2543343.0113072866
0.45221412985499254	0.6288064675383885	24900	990772.9107867437	3464963.1826262916	-0.2859403862513139	-2542177.0979976854
0.45520180248881215	0.6288064675383885	25000	996705.5039380331	3464765.6598645514	-0.287668951318629	-2540757.687927727
0.45818947512263175	0.6288064675383885	25100	1002731.117452588	3464459.8233516165	-0.28943361117766336	-2539377.595857592
0.46117714775645136	0.6288064675383885	25200	1007188.1899503942	3463700.1060804934	-0.29078388980104963	-2538389.3385171164
0.46416482039027096	0.6288064675383885	25300	1010887.0684503911	3462404.8987087607	-0.29196096297905033	-2537489.6981835477
0.46715249302409056	0.6288064675383885	25400	1013458.0617390263	3460488.916150146	-0.2928655708183906	-2536505.276407138
0.47014016565791017	0.6288064675383885	25500	1010549.534165385	3458314.893760829	-0.29220865225099213	-2536593.6767853177
0.4731278382917298	0.6288064675383885	25600	1003937.6169530448	3455417.579950978	-0.2905401716938905	-2537680.1640042285
0.4761155109255494	0.6288064675383885	25700	991281.2931460699	3453074.082403143	-0.2870721187818231	-2539927.6632004865
0.479103183559369	0.6288064675383885	25800	990490.4722977662	3452219.368002415	-0.28691411718453497	-2539568.9563996377
0.4820908561931886	0.6288064675383885	25900	984601.5790233477	3450835.0279864552	-0.285322703356775	-2539960.8515489125
0.4850785288270082	0.6288064675383885	26000	982949.637573712	3450205.2750216955	-0.28489598711413805	-2539580.3344846126
0.4880662014608278	0.6288064675383885	26100	981182.612106748	3450448.2130185924	-0.28436381349087675	-2539414.3162639984
0.4910538740946474	0.6288064675383885	26200	982312.0885943394	3450674.363784585	-0.28467249732512345	-2538684.8215621375
0.494041546728467	0.6288064675383885	26300	980200.4849492025	3450938.2434402304	-0.28403883691991066	-2538749.252253854
0.4970292193622866	0.6288064675383885	26400	979944.065880809	3451233.316072474	-0.283940254435186	-2538647.0942922323
0.5000168919961062	0.6288064675383885	26500	982489.5960365657	3451273.4277414773	-0.2846745169882149	-2537790.4809451806
0.5030045646299314	0.6288064675383885	26600	985352.5259083399	3451638.474488827	-0.2854738505179823	-2536852.43688002
0.5059922372637565	0.6288064675383885	26700	989810.914310666	3452074.494494005	-0.286729303173902	-2535606.5087441267
0.5089799098975817	0.6288064675383885	26800	993471.103474052	3452358.9389625248	-0.2877658786466166	-2534404.2221769313
0.5119675825314068	0.6288064675383885	26900	997174.8604450811	3452983.775660071	-0.2887864308758478	-2533275.810665712
0.514955255165232	0.6288064675383885	27000	1002233.3939968953	3454023.3013460375	-0.29016405118237726	-2532109.440625513
0.5179429277990572	0.6288064675383885	27100	1008213.8472382529	3454694.7341984846	-0.2918387657403733	-2530694.930819687
0.5209306004328823	0.6288064675383885	27200	1012929.1834268398	3455251.391507146	-0.2931564360024786	-2529482.5157039813
0.5239182730667075	0.6288064675383885	27300	1017356.0159412266	3455412.24091819	-0.2944239196394377	-2528009.3044666494
0.5269059457005326	0.6288064675383885	27400	1022274.9346408797	3455106.157341079	-0.2958736687348514	-2526242.510680466
0.5298936183343578	0.6288064675383885	27500	1027190.3571800964	3454450.3214108823	-0.2973527657391717	-2524272.136809164
0.5328812909681829	0.6288064675383885	27600	1033652.0096545368	3454365.1046703462	-0.2992306772254693	-2522506.9377672006
0.5358689636020081	0.6288064675383885	27700	1039776.8886693019	3454526.7894323184	-0.30098967298504237	-2520814.9654979897
0.5388566362358332	0.6288064675383885	27800	1046476.507371451	3454670.684394833	-0.3029164290820866	-2518955.8084605075
0.5418443088696584	0.6288064675383885	27900	1053439.2593228912	3455068.1135863448	-0.30489681380823086	-2517193.96470271
0.5448319815034836	0.6288064675383885	28000	1060819.9746343698	3455659.426381772	-0.3069804757192451	-2515421.759393616
0.5478196541373087	0.6288064675383885	28100	1067392.6564729793	3456910.724644355	-0.3087706745978498	-2514197.7322379104
0.5508073267711339	0.6288064675383885	28200	1072913.1480832673	3458482.2221027394	-0.31022659050447327	-2513270.4727406697
0.553794999404959	0.6288064675383885	28300	1078408.915921113	3460053.3395096897	-0.31167407265285973	-2512255.938253501
0.5567826720387842	0.6288064675383885	28400	1081782.2021737425	3462084.336258362	-0.3124655834764775	-2511634.6725087184
0.5597703446726093	0.6288064675383885	28500	1076319.9280652027	3461348.557821246	-0.31095392737410266	-2513063.1534702317
0.5627580173064345	0.6288064675383885	28600	1077657.9569593666	3462515.4629225223	-0.3112355651546387	-2513120.9896618575
0.5657456899402596	0.6288064675383885	28700	1082370.7307840318	3464325.5049557816	-0.31243332338017327	-2512132.113930899
0.5687333625740848	0.6288064675383885	28800	1086729.427661038	3465760.986667529	-0.31356156175846756	-2511067.3870209525
0.57172103520791	0.6288064675383885	28900	1090886.5729694143	3466963.9188418067	-0.31465183904591715	-2509879.674629087
0.5747087078417351	0.6288064675383885	29000	1095698.9424907933	3467887.2948663	-0.31595575326591935	-2508505.389295655
0.5776963804755603	0.6288064675383885	29100	1100098.1039983938	3468927.6939933663	-0.3171291537449087	-2507122.9951459705
0.5806840531093854	0.6288064675383885	29200	1104655.5367838312	3470015.2162242467	-0.31834313913638	-2505682.11761257
0.5836717257432106	0.6288064675383885	29300	1108866.6918476527	3470972.077887388	-0.31946862923845987	-2504388.453687139
0.5866593983770357	0.6288064675383885	29400	1111354.3807892571	3471746.0205425164	-0.32011396404383	-2503460.5461650826
0.5896470710108609	0.6288064675383885	29500	1114372.0250511533	3473160.1871479033	-0.32085247008611356	-2502520.473585117
0.592634743644686	0.6288064675383885	29600	1117404.4935980681	3474642.331878557	-0.3215883497838887	-2501493.5113364495
0.5956224162785112	0.6288064675383885	29700	1121525.4386499287	3476133.7312088516	-0.3226358723143571	-2500129.7087247795
0.5986100889123364	0.6288064675383885	29800	1124976.486708826	3477742.9194522626	-0.3234789093858632	-2498702.608466448
0.6015977615461615	0.6288064675383885	29900	1127848.6140653202	3479244.206795903	-0.3241648320811536	-2497205.4436740153
0.6045854341799867	0.6288064675383885	30000	1130098.2279605302	3480498.0108301793	-0.324694404204235	-2495796.004016951
0.6075731068138118	0.6288064675383885	30100	1132230.5519774877	3481250.562910886	-0.325236730742748	-2494392.290016116
0.610560779447637	0.6288064675383885	30200	1132948.7794840343	3481882.1588639477	-0.3253840100819746	-2493106.316766092
0.6135484520814621	0.6288064675383885	30300	1132173.1798748658	3482948.9492396438	-0.3250616636577543	-2491948.656224262
0.6165361247152873	0.6288064675383885	30400	1129643.269494166	3483565.887121485	-0.32427785381364055	-2490866.772910735
0.6195237973491124	0.6288064675383885	30500	1128727.17630524	3484535.411403293	-0.3239247254056973	-2489726.674990607
0.6225114699829376	0.6288064675383885	30600	1130489.7317751462	3485990.373074739	-0.3242951387665547	-2488474.786054184
0.6254991426167628	0.6288064675383885	30700	1132073.6467689555	3487859.8396582324	-0.3245754413342151	-2487385.7427583467
0.6284868152505879	0.6288064675383885	30800	1132332.0559830796	3490052.2141626244	-0.32444559178458093	-2486659.4835880236
0.6314744878844131	0.6288064675383885	30900	1129538.6136588342	3494339.161039883	-0.32324813408286734	-2487201.461933482
0.6344621605182382	0.6288064675383885	31000	1129238.3551518763	3498648.0144605483	-0.32276420791246474	-2487567.6703555402
0.6374498331520634	0.6288064675383885	31100	1123339.377835532	3503568.4960962315	-0.32062720597219274	-2489590.514963415
0.6404375057858885	0.6288064675383885	31200	1093737.8632290135	3508818.493427179	-0.311711154417886	-2496448.8606642955
0.6434251784197137	0.6288064675383885	31300	1058351.0968659462	3516436.2230428667	-0.30097264097402754	-2503413.553714275
0.6464128510535389	0.6288064675383885	31400	1031378.783354378	3520022.2038987656	-0.29300348793596415	-2508477.260807931
0.649400523687364	0.6288064675383885	31500	1026734.2031446495	3522172.6302687204	-0.291505928562711	-2509337.5899253846
0.6523881963211892	0.6288064675383885	31600	999872.6139702993	3526147.3597894623	-0.2835595089905713	-2514819.483842217
0.6553758689550143	0.6288064675383885	31700	993906.2188296984	3526927.98511018	-0.2818050788180891	-2515959.116236899
0.6583635415888395	0.6288064675383885	31800	978538.6575445103	3527432.014749759	-0.27740822599919884	-2518893.2594836378
0.6613512142226646	0.6288064675383885	31900	972378.1652774335	3529511.588312711	-0.27549935478247867	-2520071.2704728134
0.6643388868564898	0.6288064675383885	32000	970570.3339448877	3531381.424885466	-0.2748415470233059	-2520371.134729142
0.6673265594903149	0.6288064675383885	32100	972697.7599086969	3533412.7352600307	-0.27528563255634336	-2520027.3250543154
0.6703142321241401	0.6288064675383885	32200	969833.7226281341	3537046.2686211127	-0.2741931117022723	-2520609.7279007607
0.6733019047579653	0.6288064675383885	32300	973360.5838506205	3538994.310503985	-0.2750387535130016	-2519844.69648285
0.6762895773917904	0.6288064675383885	32400	974468.1094947825	3541571.4011946153	-0.2751513379530009	-2519452.94568607
0.6792772500256156	0.6288064675383885	32500	964775.8405500338	3545781.231652342	-0.2720911916216687	-2521272.579980005
0.6822649226594407	0.6288064675383885	32600	965314.8246240347	3547342.861611758	-0.27212335042952057	-2521087.615593578
0.6852525952932659	0.6288064675383885	32700	968556.0717321662	3548226.944970594	-0.2729690312241832	-2520354.5905612335
0.688240267927091	0.6288064675383885	32800	971628.516657969	3548865.15803842	-0.27378569581804607	-2519392.7358683706
0.6912279405609162	0.6288064675383885	32900	974430.935582763	3549414.279542281	-0.2745328831292193	-2518374.165153684
0.6942156131947413	0.6288064675383885	33000	977622.0743668133	3549745.41872022	-0.2754062500401149	-2517024.705455885
0.6972032858285665	0.6288064675383885	33100	976713.7337773618	3550048.3784056073	-0.2751268798810066	-2516202.9895071285
0.7001909584623917	0.6288064675383885	33200	970299.6507870872	3546592.692180984	-0.27358643492562984	-2515996.085853283
0.7031786310962168	0.6288064675383885	33300	971823.6290703899	3547467.0988110946	-0.27394859543477906	-2515296.789717676
0.706166303730042	0.6288064675383885	33400	971120.0475910653	3547653.8167267176	-0.2737358541051449	-2515168.0319902734
0.7091539763638671	0.6288064675383885	33500	964461.2861312493	3547001.5055913846	-0.27190890238160376	-2515790.360694883
0.7121416489976923	0.6288064675383885	33600	957381.273364221	3545599.2357627666	-0.2700195960410791	-2515853.099782744
0.7151293216315174	0.6288064675383885	33700	955677.2219564917	3544238.317055026	-0.2696424835084402	-2514748.6011013673
0.7181169942653426	0.6288064675383885	33800	950399.5842600807	3543163.073669556	-0.2682347847105378	-2513921.9075206383
0.7211046668991677	0.6288064675383885	33900	933628.9647456714	3541373.244706625	-0.26363472591915826	-2514625.7415405293
0.7240923395329929	0.6288064675383885	34000	917985.9946337412	3538110.3181932447	-0.25945657768594277	-2514629.07051538
0.7270800121668181	0.6288064675383885	34100	890273.5119251615	3531465.4969978477	-0.25209746851045167	-2517763.7174684014
0.7300676848006432	0.6288064675383885	34200	888115.5392343956	3528090.159664407	-0.2517269964889087	-2517087.8195092645
0.7330553574344684	0.6288064675383885	34300	886615.0746627827	3528302.9183061915	-0.25128655197451527	-2517515.5674859523
0.7360430300682935	0.6288064675383885	34400	886108.9128858335	3528960.5261918046	-0.2510962948746999	-2518114.9398094537
0.7390307027021187	0.6288064675383885	34500	892236.7511831962	3529491.4913673075	-0.25279470239990526	-2517436.85298052
0.7420183753359438	0.6288064675383885	34600	900037.3184736134	3530215.921563792	-0.2549524840607825	-2516380.1014139405
0.745006047969769	0.6288064675383885	34700	907588.1890971746	3530971.859180728	-0.2570363699550291	-2515345.5027159634
0.7479937206035941	0.6288064675383885	34800	914625.9405918337	3531753.2174049797	-0.2589722113324418	-2514457.195401766
0.7509813932374193	0.6288064675383885	34900	921781.7293575541	3532223.677475661	-0.26096357805299425	-2513425.226336012
0.7539690658712445	0.6288064675383885	35000	928122.1548521738	3532589.9128285307	-0.26273136077349835	-2512463.8589008595
0.7569567385050696	0.6288064675383885	35100	933481.9994960325	3532699.974264355	-0.26424038449243614	-2511495.6572432662
0.7599444111388948	0.6288064675383885	35200	939335.3687078049	3533342.74438093	-0.2658489245634686	-2510352.431099991
0.7629320837727199	0.6288064675383885	35300	944705.9963366515	3534079.852798317	-0.2673131439258863	-2509128.122379013
0.7659197564065451	0.6288064675383885	35400	949661.4329068186	3534425.8499837434	-0.26868902424737146	-2507753.3032154846
0.7689074290403702	0.6288064675383885	35500	954914.0622504395	3534511.022501459	-0.2701686474228686	-2506343.0657011434
0.7718951016741954	0.6288064675383885	35600	958087.2191339943	3534898.2643207307	-0.27103671661625633	-2505277.0639123474
0.7748827743080205	0.6288064675383885	35700	958204.5330567345	3534705.102274366	-0.2710847172060234	-2504936.317910658
0.7778704469418457	0.6288064675383885	35800	962574.3891723815	3535082.747209754	-0.2722918975325664	-2504143.1857686844
0.7808581195756709	0.6288064675383885	35900	966747.0932815444	3536174.3922228958	-0.2733878440519535	-2503372.018257744
0.783845792209496	0.6288064675383885	36000	963250.6241746852	3537856.506155839	-0.27226955714530465	-2504701.602160349
0.7868334648433212	0.6288064675383885	36100	965766.9920764888	3538591.739422711	-0.2729241074399967	-2504218.388293357
0.7898211374771463	0.6288064675383885	36200	966880.5387812419	3538436.3502920186	-0.27325079302371724	-2503827.266770974
0.7928088101109715	0.6288064675383885	36300	967452.6755124658	3539055.419347858	-0.27336465832759926	-2503628.7925438187
0.7957964827447966	0.6288064675383885	36400	970216.3049263258	3539927.0386999254	-0.2740780514173105	-2502883.583698735
0.7987841553786218	0.6288064675383885	36500	971837.702643862	3541396.0653858823	-0.27442220093446884	-2502499.883018889
0.801771828012447	0.6288064675383885	36600	972348.3901771659	3543643.083544243	-0.2743923039801889	-2502840.7902612467
0.8047595006462721	0.6288064675383885	36700	972623.2165550851	3544754.8243819396	-0.2743837768031449	-2503161.830967705
0.8077471732800973	0.6288064675383885	36800	967793.7456163764	3547230.1840408556	-0.27283082726644664	-2504938.8251873613
0.8107348459139224	0.6288064675383885	36900	967821.6043262875	3549032.473658213	-0.2727001264456429	-2505742.6079932973
0.8137225185477476	0.6288064675383885	37000	970757.2578678168	3550602.832116705	-0.2734063210581895	-2505782.1295485618
0.8167101911815727	0.6288064675383885	37100	971998.0157939659	3552557.144815949	-0.27360517401172535	-2506576.4002281306
0.8196978638153979	0.6288064675383885	37200	973140.9831921406	3554461.156037165	-0.273780171022346	-2507535.59923394
0.822685536449223	0.6288064675383885	37300	975159.4487000133	3556307.2565691103	-0.27420562351543903	-2508031.4442370534
0.8256732090830482	0.6288064675383885	37400	978426.0573863005	3557770.852590548	-0.2750109824172266	-2508042.324406441
0.8286608817168734	0.6288064675383885	37500	982257.3272805368	3558983.5284794485	-0.2759937828934543	-2507814.001878969
0.8316485543506985	0.6288064675383885	37600	982851.939472424	3560348.532850989	-0.27605497900100084	-2508381.829163348
0.8346362269845237	0.6288064675383885	37700	981423.5805520487	3561250.8108022334	-0.2755839542598703	-2509263.669673035
0.8376238996183488	0.6288064675383885	37800	981358.3753995684	3562495.2486634594	-0.27546938505188023	-2509955.3247889844
0.840611572252174	0.6288064675383885	37900	983661.4578637029	3563786.1219855864	-0.2760158506132937	-2510280.322089466
0.8435992448859991	0.6288064675383885	38000	984873.403392022	3564515.322758088	-0.2762993883359054	-2510562.164196377
0.8465869175198243	0.6288064675383885	38100	979614.1231697465	3563751.3152941857	-0.274882851383495	-2512059.7982998095
0.8495745901536494	0.6288064675383885	38200	975414.7392742186	3561813.1903068656	-0.2738534244099934	-2513059.6772548286
0.8525622627874746	0.6288064675383885	38300	938003.3949447521	3564986.2500043525	-0.2631155716080551	-2522093.7107832883
0.8555499354212998	0.6288064675383885	38400	939398.9748618898	3566209.1974295336	-0.26341667660410767	-2522324.187945985
0.8585376080551249	0.6288064675383885	38500	940561.6095345506	3568644.0212907162	-0.26356274369847793	-2522504.372470408
0.8615252806889501	0.6288064675383885	38600	940211.950704209	3570663.472688975	-0.26331575571196564	-2522640.785481876
0.8645129533227752	0.6288064675383885	38700	938360.5540848982	3572163.8554384112	-0.26268687329566337	-2522999.414519246
0.8675006259566004	0.6288064675383885	38800	937837.6966265944	3572644.864322774	-0.2625051557718625	-2523080.580178534
0.8704882985904255	0.6288064675383885	38900	936189.7183500078	3572822.9271543743	-0.26203081916954934	-2523470.933017392
0.8734759712242507	0.6288064675383885	39000	925777.9443158754	3570711.291155703	-0.25926989577929066	-2524883.575016921
0.8764636438580758	0.6288064675383885	39100	921566.3149548348	3567978.427098426	-0.258288084915434	-2525008.3984372006
0.879451316491901	0.6288064675383885	39200	923958.9043088129	3567043.4596464983	-0.2590265340922926	-2524421.8557804716
0.8824389891257262	0.6288064675383885	39300	922785.8690585913	3565969.026266009	-0.2587756265580515	-2525004.5092898277
0.8854266617595513	0.6288064675383885	39400	919984.2582025498	3565710.4064403283	-0.25800868644320896	-2525772.9346446376
0.8884143343933765	0.6288064675383885	39500	912843.5962151613	3565677.07230953	-0.25600848806644794	-2527677.7962984024
0.8914020070272016	0.6288064675383885	39600	907896.0289874265	3564484.41922693	-0.254706129192264	-2528489.4919054303
0.8943896796610268	0.6288064675383885	39700	894621.0424965224	3564984.0693497006	-0.25094671535508795	-2531513.4308747738
0.8973773522948519	0.6288064675383885	39800	866915.2662669667	3563620.2060291227	-0.24326814198670027	-2537636.5569158555
0.9003650249286771	0.6288064675383885	39900	857234.7525297978	3561821.1498912508	-0.2406731602893567	-2539552.9381758403
0.9033526975625022	0.6288064675383885	40000	856694.9790361642	3560692.2751198984	-0.2405978705383399	-2539543.1861822195
0.9063403701963274	0.6288064675383885	40100	859382.9130220483	3559746.017357221	-0.24141691818228647	-2538789.8542154045
0.9093280428301526	0.6288064675383885	40200	862202.4537358473	3558926.6459105224	-0.24226474426680963	-2538437.4009998958
0.9123157154639777	0.6288064675383885	40300	865519.4316620339	3557628.041757185	-0.24328553224314484	-2537764.7056857995
0.9153033880978029	0.6288064675383885	40400	868397.4148824234	3556817.415935467	-0.24415012448819473	-2537121.423634598
0.918291060731628	0.6288064675383885	40500	868343.4505864638	3555483.4005395765	-0.24422655171296395	-2536957.967103705
0.9212787333654532	0.6288064675383885	40600	869780.2594796703	3554139.5399838695	-0.2447231600489208	-2536614.156822655
0.9242664059992783	0.6288064675383885	40700	864586.7487847419	3550639.1108384947	-0.24350172512479504	-2537598.4279968287
0.9272540786331035	0.6288064675383885	40800	866468.408789983	3548586.9336433862	-0.24417280032657032	-2537344.4853700865
0.9302417512669287	0.6288064675383885	40900	869058.9872802584	3547153.523594058	-0.24500179693370241	-2537226.681745127
0.9332294239007538	0.6288064675383885	41000	871724.2483657117	3544840.2387053045	-0.24591355030547013	-2536806.0525542237
0.936217096534579	0.6288064675383885	41100	872537.4846296187	3542067.202692863	-0.24633566634937656	-2536539.2485400396
0.9392047691684041	0.6288064675383885	41200	874732.1425912594	3540115.0377584146	-0.24709144569074118	-2536177.787527131
0.9421924418022293	0.6288064675383885	41300	876680.7697034379	3537592.053995842	-0.24781850375121528	-2535784.450364613
0.9451801144360544	0.6288064675383885	41400	879905.9433330555	3535410.173099995	-0.2488836939000821	-2535286.20975076
0.9481677870698796	0.6288064675383885	41500	882368.2621567482	3532944.0744179296	-0.24975438149332235	-2534752.460988361
0.9511554597037047	0.6288064675383885	41600	885749.5342507004	3531122.508830894	-0.2508407827923138	-2533905.2991718077
0.9541431323375299	0.6288064675383885	41700	887753.5571275213	3529725.830760509	-0.25150779400230283	-2533255.186041006
0.957130804971355	0.6288064675383885	41800	886005.2912291565	3527633.183819872	-0.2511614005937409	-2532620.476181373
0.9601184776051802	0.6288064675383885	41900	872696.781301707	3523869.575237699	-0.24765297428547428	-2532085.3395005567
0.9631061502390054	0.6288064675383885	42000	877963.9349160132	3523085.7843827	-0.24920311018479677	-2530434.0646522916
0.9660938228728305	0.6288064675383885	42100	880968.4180632075	3521486.2191856257	-0.25016949186498283	-2529091.0554388785
0.9690814955066557	0.6288064675383885	42200	884995.0495341973	3519990.4786487166	-0.2514197282357243	-2527646.519188372
0.9720691681404808	0.6288064675383885	42300	887372.9912710711	3518787.9732060754	-0.2521814323647806	-2526346.4550103587
0.975056840774306	0.6288064675383885	42400	889776.689189121	3517349.1604640484	-0.2529679734927799	-2525055.0805708035
0.9780445134081311	0.6288064675383885	42500	893702.7389386713	3515827.059047335	-0.25419416937442685	-2523569.0830355114
0.9810321860419563	0.6288064675383885	42600	898035.9607417078	3514856.578441956	-0.2554971847926107	-2522315.722179766
0.9840198586757815	0.6288064675383885	42700	902997.2928095087	3514452.3148322552	-0.2569382685884042	-2521206.2685978743
0.9870075313096066	0.6288064675383885	42800	907207.103775035	3513446.5811488535	-0.25821001766259655	-2520053.554833017
0.9899952039434318	0.6288064675383885	42900	909842.4574922044	3511842.9915458974	-0.2590783413958082	-2519079.7049595225
0.9929828765772569	0.6288064675383885	43000	907075.6586623881	3509787.521765758	-0.2584417583791632	-2519004.217977751
0.9959705492110821	0.6288064675383885	43100	901227.7257580486	3506983.0715928567	-0.25698091703325926	-2519157.5080543575
0.9989582218449072	0.6288064675383885	43200	897043.6658993358	3504185.484231345	-0.25599206147505216	-2519167.057129087
1.0019458944787323	0.6288064675383885	43300	889021.9952455163	3501167.817133897	-0.25392156037047137	-2520472.8965971186
1.0049335671125574	0.6288064675383885	43400	885495.117828503	3499684.2108569643	-0.25302143407152516	-2521125.3556860876
