# exz		ezz		i		sxz		szz		tanPhi		tens_media
0.0	0.995012354811984	100	5.64814963497794e-07	0.011402775568649985	-4.9533112363507165e-05	-0.11663417141466137
0.0	0.9900495862284893	200	1.498367439023308e-09	0.016604478723687737	9.023875208354214e-08	-0.008295478985378033
0.0	0.9851115701738395	300	0.0	0.0	0	0.0
0.0	0.980198183191203	400	0.0	0.0	0	0.0
0.0	0.9753093024395073	500	0.0	0.0	0	0.0
0.0	0.9704448056903675	600	0.0	0.0	0	0.0
0.0	0.9656045713250309	700	0.0	0.0	0	0.0
0.0	0.9607884783313355	800	0.0	0.0	0	0.0
0.0	0.9559964063006856	900	0.0	0.0	0	0.0
0.0	0.9512282354250395	1000	8.77950902297778e-05	0.0022415384980630543	0.03916733542860977	-10.08272911919285
0.0	0.946483846493917	1100	0.03007119265228105	121.19193007873957	-0.000248128671873973	-75.22611147515617
0.0	0.941763120891417	1200	0.6391241635850281	125.37712645290289	0.005097613748749546	-85.05705408687449
0.0	0.9370659405932522	1300	3.6079365602440596	66.24012084831399	-0.0544675419374011	-72.55587469310477
0.0	0.9323921881637983	1400	4.9360909643065085	70.90587464211532	-0.06961469679657069	-65.3333620212829
0.0	0.9277417467531595	1500	4.65298202065378	68.92758662481882	-0.06750536684216907	-55.27462794600985
0.0	0.9231145000942449	1600	1.4588158692563644	130.12004254049015	-0.01121130796435466	-78.89303073838674
0.0	0.918510332499862	1700	11.290872937735664	191.29723577936235	0.059022666437053416	-122.78991455555176
0.0	0.9139291288598262	1800	6.8770901054836235	533.2297161112635	-0.012897049616133268	-333.96295859351244
0.0	0.9093707746380806	1900	33.9244158627019	2394.4880562420835	-0.01416771145475788	-1329.5823034947819
0.0	0.9048351558698351	2000	23.648306808960754	13421.839436131004	-0.0017619274110298583	-7064.941202530146
0.0	0.9003221591587132	2100	51.938942892768196	69382.24519623553	-0.0007485912677784928	-34850.45414292973
0.0	0.8958316716739212	2200	32.00298289386796	129425.13707422602	-0.0002472702259956972	-74689.90309504286
0.0	0.8913635811474243	2300	56.00710749181707	186029.94795471372	-0.0003010650065087971	-117170.34323052644
0.0	0.8869177758711417	2400	29.719737928394746	240825.41185630424	-0.00012340781522727313	-165071.7287697302
0.0	0.8824941446941523	2500	34.658607621050635	258620.93436853366	-0.0001340131559947977	-200044.23737763008
0.0	0.8780925770199166	2600	0.006801096992019827	236402.8929213326	-2.876909376182218e-08	-175270.4282908683
0.0	0.8737129628035107	2700	0.04161309492541664	313289.82615734224	-1.3282619303608497e-07	-227769.4900763049
0.0	0.8693551925488767	2800	0.00020824536716795036	390673.87499355455	-5.330414458130482e-10	-302493.2490959471
0.0	0.8650191573060834	2900	3.0614656284794394e-05	469909.0664190495	6.515017153870628e-11	-378313.48780455464
0.0	0.8607047486686039	3000	6.453658187748353e-05	551073.8174283943	1.1711059360186225e-10	-455257.73461542785
0.0	0.8564118587706044	3100	1.3994821164653524e-05	634202.4270119288	-2.2066804806457e-11	-533337.8208797256
0.0	0.8521403802842474	3200	5.960625547681012e-06	719331.5887656381	8.286339208193753e-12	-612566.6424010614
0.0	0.8478902064170084	3300	2.9308049913092026e-05	806499.8561484002	-3.6339807985903957e-11	-692957.9334361702
0.0	0.8436612309090074	3400	1.09427717957785e-05	895741.0701359547	-1.221644531060479e-11	-774522.4645004933
0.0	0.8394533480303481	3500	3.4623793020393898e-06	987095.7656554274	-3.507642746031217e-12	-857274.5876201877
0.0	0.8352664525784806	3600	1.2110611628988742e-05	1080601.1493485146	-1.12072910863459e-11	-941226.4425770431
0.0	0.8311004398755664	3700	2.843999855438674e-06	1176296.2335828778	-2.4177581924037465e-12	-1026390.9217732861
0.0	0.8269552057658626	3800	1.369790037975662e-05	1274218.7577654787	-1.0750038246005583e-11	-1112779.7810740413
0.0	0.8228306466131201	3900	2.910011860605592e-06	1374407.5138452125	2.117284598120526e-12	-1200405.0100709691
0.0	0.818726659297988	4000	9.806258982866517e-06	1476903.1835507595	-6.63974395348677e-12	-1289279.3923746976
0.0	0.8146431412154398	4100	3.626312268918307e-05	1581744.7839898453	2.2926026408452424e-11	-1379414.1873885274
0.0	0.8105799902722065	4200	3.212228127690247e-05	1688970.6549184409	1.9018851028204292e-11	-1470819.62355606
0.0	0.8065371048842235	4300	3.5048519001609024e-05	1798619.3736784256	-1.948634575748506e-11	-1563505.4112425668
0.0	0.8025143839740911	4400	2.9493640121773875e-07	1910730.365766848	1.5435793898600112e-13	-1657481.1177388914
0.0	0.7985117269685484	4500	3.6128873723365695e-05	2025339.0198716936	-1.783843266183381e-11	-1752752.4953161494
0.0	0.7945290337959595	4600	4.070284151386412e-05	2142482.2247922053	1.899798329379923e-11	-1849325.2184884178
0.0	0.7905662048838079	4700	5.989342950407347e-05	2262191.3297248557	2.6475846104210005e-11	-1947199.2955226072
0.0	0.7866231411562116	4800	5.857838596767328e-05	2384498.7227248377	2.456633145130563e-11	-2046373.6290255105
0.0	0.7826997440314423	4900	7.46099461796764e-06	2509428.3141035405	-2.973184998366044e-12	-2146837.7927381527
0.0	0.7787959154194622	5000	1.3521361906973238e-05	2636999.0758866677	-5.1275565587472945e-12	-2248573.602679065
0.0	0.7749115577194737	5100	0.00014625315716491303	2767220.8535248903	-5.2852000222033424e-11	-2351549.954774713
0.0	0.7710465738174765	5200	0.0002172517743064126	2900089.278524253	-7.491209871199686e-11	-2455715.526037026
0.0	0.7672008670838398	5300	0.0002554097804312181	3035584.1731385994	8.413859272666479e-11	-2560993.10190868
0.0	0.7633743413708871	5400	0.00013317228824720635	3173601.166344901	4.196251553580802e-11	-2667220.6261414457
0.0	0.7595669010104934	5500	38.73157309287883	2950693.319371225	1.3126261830942262e-05	-2543144.723609911
0.0	0.7557784508116923	5600	133.82586002687583	3108719.1809288175	4.30485522294399e-05	-2672370.303078493
0.0	0.7520088960582949	5700	237.26101894301954	3261682.747302972	-7.274190573537739e-05	-2787862.3506256524
0.0	0.7482581425065246	5800	6.961325716761249	3422683.1639976944	2.03387967369741e-06	-2910836.378413144
0.0	0.7445260963826583	5900	14.382313932369724	3581682.8381284825	4.015518565536874e-06	-3031994.0085653565
0.0	0.7408126643806829	6000	17.767134488673534	3741955.2615447002	4.748088431538104e-06	-3151033.2312904545
0.0032576205155814067	0.7403682989957743	6100	22674.799342261962	3763153.253755024	-0.006025478584917089	-3167020.7564344876
0.006959462010560278	0.7403682989957743	6200	48263.58364678484	3763313.1469852976	-0.01282475886585406	-3166909.4077690076
0.010661303505539215	0.7403682989957743	6300	73710.18159662775	3763522.181110973	-0.01958542504852964	-3166673.72376645
0.014363145000518173	0.7403682989957743	6400	99158.92669915035	3763955.50615402	-0.026344340823643307	-3166427.38570386
0.01806498649549713	0.7403682989957743	6500	124494.8788917847	3764543.8342741397	-0.03307037568757362	-3166119.422708535
0.02176682799047609	0.7403682989957743	6600	149449.10990724934	3765384.382661418	-0.039690266575551296	-3165830.8939315365
0.025468669485455047	0.7403682989957743	6700	174018.67474956735	3766551.218379217	-0.046201064225657666	-3165630.6924030315
0.029170510980434005	0.7403682989957743	6800	198290.48748474463	3767941.3071093466	-0.05262568371503304	-3165447.420871682
0.03287235247541296	0.7403682989957743	6900	222140.15602615554	3769657.450929342	-0.05892847265774529	-3165368.2279260475
0.03657419397039192	0.7403682989957743	7000	245798.80875754	3771328.6542818723	-0.06517565327499797	-3165092.492094776
0.040276035465370875	0.7403682989957743	7100	269136.3613928257	3773275.199380796	-0.07132698972950388	-3164859.0368448235
0.04397787696034983	0.7403682989957743	7200	292251.35712996876	3775325.5959819057	-0.0774109013116678	-3164517.043691825
0.04767971845532879	0.7403682989957743	7300	315243.0092646945	3777679.7897867267	-0.0834488434189103	-3164222.286788087
0.05138155995030775	0.7403682989957743	7400	338053.0777040133	3780038.342683375	-0.08943112398802709	-3163782.6430234346
0.05508340144528671	0.7403682989957743	7500	360529.75467480987	3782557.8377329106	-0.09531374539163548	-3163294.772212252
0.058785242940265665	0.7403682989957743	7600	382668.44620798714	3785248.3237897675	-0.10109467423919545	-3162825.770935003
0.06248708443524462	0.7403682989957743	7700	404399.46556516853	3788310.776950629	-0.10674928467476122	-3162515.877824735
0.0661889259302229	0.7403682989957743	7800	425697.5447312186	3791655.1786719756	-0.11227222009157459	-3162334.1725518233
0.06989076742520116	0.7403682989957743	7900	446747.53005410894	3795127.6850225613	-0.11771607364284321	-3162125.963250691
0.07359260892017942	0.7403682989957743	8000	467197.2196204351	3799152.726349583	-0.12297405586780442	-3162227.705635682
0.07729445041515769	0.7403682989957743	8100	486837.09694022214	3803943.2402842417	-0.12798221902591908	-3162877.103675159
0.08099629191013595	0.7403682989957743	8200	506216.4638492863	3808900.0349145834	-0.13290358350416473	-3163531.746565998
0.08469813340511421	0.7403682989957743	8300	525331.474600126	3814001.8353226124	-0.13773760403963994	-3164174.437213506
0.08839997490009248	0.7403682989957743	8400	544259.2867109914	3819160.2525491943	-0.14250758038961886	-3164763.2456285767
0.09210181639507074	0.7403682989957743	8500	563061.7431223491	3824289.7540655388	-0.14723302347155248	-3165235.4569565696
0.09580365789004901	0.7403682989957743	8600	581801.2610347373	3829339.068349782	-0.15193255302029424	-3165536.8348826845
0.09950549938502727	0.7403682989957743	8700	600356.9461896871	3834683.8494180213	-0.15655969820844592	-3166009.581402482
0.10320734088000554	0.7403682989957743	8800	618747.9906026977	3840019.094107183	-0.1611314880054154	-3166400.479649503
0.1069091823749838	0.7403682989957743	8900	637023.8307207634	3845288.3049603933	-0.1656634770139361	-3166658.40643738
0.11061102386996206	0.7403682989957743	9000	655218.5045540254	3850421.1003643274	-0.17016801214080934	-3166728.6249889615
0.11431286536494033	0.7403682989957743	9100	673303.4060618721	3855383.673077476	-0.17463979285994702	-3166595.2303758585
0.11801470685991859	0.7403682989957743	9200	691294.528517747	3860214.6605741456	-0.17908188774531203	-3166276.00289672
0.12171654835489686	0.7403682989957743	9300	709134.5974442835	3864874.5105822333	-0.18348192043561443	-3165740.387582015
0.12541838984987527	0.7403682989957743	9400	726864.2038045059	3869433.757030193	-0.18784769282686395	-3165037.0253897295
0.12912023134485492	0.7403682989957743	9500	744480.372292394	3873944.373973137	-0.19217631964313706	-3164194.767770279
0.13282207283983458	0.7403682989957743	9600	761650.0936832791	3878775.695340973	-0.19636353156439082	-3163532.7856333237
0.13652391433481423	0.7403682989957743	9700	778555.5883538183	3883628.857798477	-0.2004711616019766	-3162813.525014739
0.14022575582979388	0.7403682989957743	9800	795176.4194849678	3888518.342519318	-0.20449342125766695	-3162070.407522135
0.14392759732477353	0.7403682989957743	9900	811605.9551432577	3893217.7060326985	-0.20846662489119	-3161122.59516414
0.14762943881975318	0.7403682989957743	10000	827491.8512234129	3897683.7240353306	-0.21230348838224825	-3160104.6624789145
0.15133128031473284	0.7403682989957743	10100	842971.4504559779	3901844.2302880636	-0.2160443627944992	-3158931.349314103
0.1550331218097125	0.7403682989957743	10200	858297.8760662545	3905769.2311516125	-0.21975130256561168	-3157533.5805326835
0.15873496330469214	0.7403682989957743	10300	873492.1918891126	3909532.4334043497	-0.2234262553817699	-3155942.734410463
0.1624368047996718	0.7403682989957743	10400	888589.0956270759	3913137.221007793	-0.22707843999353228	-3154129.702353716
0.16613864629465144	0.7403682989957743	10500	903387.4533915841	3916730.852732159	-0.23064833591039735	-3152259.3241322804
0.1698404877896311	0.7403682989957743	10600	917540.676719873	3920744.736212946	-0.23402203878391917	-3150708.950773734
0.17354232928461075	0.7403682989957743	10700	931492.6905842167	3924857.525824271	-0.237331593428628	-3149133.0665122643
0.1772441707795904	0.7403682989957743	10800	944758.9972688756	3929494.3885358474	-0.24042762346860058	-3147956.055420662
0.18094601227457005	0.7403682989957743	10900	957369.7572815709	3934922.7819549786	-0.24330077369546832	-3147318.5149227516
0.1846478537695497	0.7403682989957743	11000	969029.8455210637	3941155.2883331073	-0.24587456586388662	-3147361.141134813
0.18834969526452935	0.7403682989957743	11100	980093.6418197888	3947885.8213409963	-0.2482578489280817	-3147749.7825621665
0.192051536759509	0.7403682989957743	11200	990463.9360516708	3955103.5377118415	-0.25042680339657736	-3148553.2268842063
0.19575337825448866	0.7403682989957743	11300	1000518.640970266	3962485.5869960864	-0.25249773633340766	-3149525.3943631346
0.1994552197494683	0.7403682989957743	11400	1010459.3459324552	3969766.5991664995	-0.2545387293410684	-3150433.859588504
0.20315706124444796	0.7403682989957743	11500	1019822.1263331051	3977196.264786736	-0.25641734992119875	-3151538.6492282394
0.2068589027394276	0.7403682989957743	11600	1028909.9518542148	3984666.084710278	-0.2582173587398669	-3152674.6060732286
0.21056074423440727	0.7403682989957743	11700	1037603.6119035641	3992278.4693565406	-0.2599026144763897	-3153923.4330652445
0.21426258572938692	0.7403682989957743	11800	1046077.5261588427	3999860.468167704	-0.26152850442756576	-3155163.859031609
0.21796442722436657	0.7403682989957743	11900	1054454.1675128709	4007279.3521883804	-0.26313467937717694	-3156282.889250779
0.22166626871934622	0.7403682989957743	12000	1062823.4454365885	4014453.867266693	-0.26474919891413007	-3157205.9585354277
0.22536811021432587	0.7403682989957743	12100	1071037.0809242323	4021369.4165700036	-0.266336406824759	-3158004.0166937257
0.22906995170930552	0.7403682989957743	12200	1079144.4530943686	4028096.0174093517	-0.2679043519395584	-3158670.3041611915
0.23277179320428518	0.7403682989957743	12300	1087109.4824882245	4034557.2100259587	-0.2694495147538706	-3159206.831476331
0.23647363469926483	0.7403682989957743	12400	1095002.8300237474	4040786.466620713	-0.2709875513267327	-3159608.7515959297
0.24017547619424448	0.7403682989957743	12500	1102777.0332877007	4046692.31763167	-0.27251319021286546	-3159840.7792246453
0.24387731768922413	0.7403682989957743	12600	1110271.0685555825	4052631.983593519	-0.2739629635877007	-3160113.841337912
0.24757915918420378	0.7403682989957743	12700	1117618.3551668567	4058459.8463607123	-0.2753799218117295	-3160310.953568134
0.2512810006791834	0.7403682989957743	12800	1124956.276809131	4064060.3859786997	-0.2768059944902175	-3160335.9337678184
0.25498284217416306	0.7403682989957743	12900	1132231.336093664	4069439.7344679106	-0.2782278175798335	-3160216.2634970774
0.2586846836691427	0.7403682989957743	13000	1139402.6837102238	4074710.524577496	-0.27962788444422504	-3160007.364780575
0.26238652516412236	0.7403682989957743	13100	1146274.995774783	4079648.519202767	-0.28097395900144473	-3159724.3880448746
0.266088366659102	0.7403682989957743	13200	1152821.2328185656	4084557.4335317155	-0.28223895772761304	-3159485.0226273215
0.26979020815408167	0.7403682989957743	13300	1159290.4709474389	4089443.1742017167	-0.2834836973064772	-3159244.375118807
0.2734920496490613	0.7403682989957743	13400	1165748.992808472	4094267.7536801295	-0.284727102119943	-3158927.2566580623
0.27719389114404097	0.7403682989957743	13500	1172112.349994863	4098924.3893858218	-0.2859560798511072	-3158500.985492392
0.2808957326390206	0.7403682989957743	13600	1178329.5010771474	4103458.529544369	-0.287155211291482	-3158012.492583998
0.2845975741340003	0.7403682989957743	13700	1184264.153423689	4107981.755952602	-0.2882836934968494	-3157591.8444409114
0.2882994156289799	0.7403682989957743	13800	1190131.3639009828	4112248.3241320616	-0.2894113560498986	-3157037.5226365053
0.2920012571239596	0.7403682989957743	13900	1196026.8066405503	4116344.0441751857	-0.2905555983186057	-3156377.142060973
0.29570309861893923	0.7403682989957743	14000	1201801.1139262416	4120188.4053722797	-0.29168596085538784	-3155641.6843910757
0.2994049401139189	0.7403682989957743	14100	1207344.3904091488	4123695.7475432497	-0.29278212174805607	-3154819.801796069
0.30310678160889853	0.7403682989957743	14200	1212696.6320098047	4126898.74598337	-0.29385180171674885	-3153906.198606309
0.3068086231038782	0.7403682989957743	14300	1218048.8372266379	4129991.587821473	-0.29492767995422137	-3152927.5884075314
0.31051046459885784	0.7403682989957743	14400	1223282.8027285822	4132987.6984146843	-0.2959802670590586	-3151919.199913712
0.3142123060938375	0.7403682989957743	14500	1228329.944772406	4136104.5081581827	-0.29697749231181403	-3151039.1505508195
0.31791414758881714	0.7403682989957743	14600	1233197.1136803923	4138991.09173497	-0.2979463077712169	-3150090.4231333337
0.3216159890837968	0.7403682989957743	14700	1237981.939768906	4141575.03761834	-0.29891573339229455	-3148995.7682350143
0.32531783057877645	0.7403682989957743	14800	1242727.041986052	4143939.2059006435	-0.2998902687125589	-3147785.940547692
0.3290196720737561	0.7403682989957743	14900	1247287.4708045372	4146117.6762242564	-0.30083262661768057	-3146524.0078062466
0.33272151356873575	0.7403682989957743	15000	1251857.6622268718	4148177.874053409	-0.3017849523900994	-3145203.1126052323
0.3364233550637154	0.7403682989957743	15100	1256321.082526578	4150088.5754962005	-0.3027215105586915	-3143831.7091074004
0.34012519655869505	0.7403682989957743	15200	1260694.6166997824	4151905.7876281315	-0.3036423948868026	-3142406.599351529
0.3438270380536747	0.7403682989957743	15300	1264911.812576272	4153549.9023949415	-0.30453752628490693	-3140912.857869456
0.34752887954865436	0.7403682989957743	15400	1269168.7269618332	4154939.1542603606	-0.3054602437825022	-3139236.228779851
0.351230721043634	0.7403682989957743	15500	1273448.8614968306	4156108.486299011	-0.3064041436105122	-3137421.423088018
0.35493256253861366	0.7403682989957743	15600	1277769.096803579	4157077.3174991217	-0.3073719825765182	-3135490.132684758
0.3586344040335933	0.7403682989957743	15700	1282193.304193281	4157892.62580234	-0.3083757613740347	-3133445.832518222
0.36233624552857296	0.7403682989957743	15800	1286693.7278426064	4158527.6255025994	-0.30941088859235283	-3131266.537455652
0.3660380870235526	0.7403682989957743	15900	1291228.2874496272	4158931.911608659	-0.31047112934103915	-3128930.3368165367
0.36973992851853227	0.7403682989957743	16000	1295752.183210655	4159084.371546503	-0.31154746272407213	-3126448.2246581498
0.3734417700135119	0.7403682989957743	16100	1300459.4806198254	4159158.1403731294	-0.31267372788647024	-3123859.683346451
0.37714361150849157	0.7403682989957743	16200	1305122.4151612988	4158991.3528269855	-0.313807436573334	-3121156.393243965
0.3808454530034712	0.7403682989957743	16300	1309621.7999853545	4158597.5207406287	-0.31491910276330765	-3118363.8103552847
0.3845472944984509	0.7403682989957743	16400	1314022.9339862205	4158208.2187873186	-0.3160070070684042	-3115614.7869653315
0.3882491359934305	0.7403682989957743	16500	1318492.5740507497	4157618.20457549	-0.31712690034879554	-3112733.1442294456
0.3919509774884102	0.7403682989957743	16600	1323030.5478736232	4156908.929608155	-0.3182726805608264	-3109824.453337656
0.39565281898338983	0.7403682989957743	16700	1328006.1370123057	4156161.728335001	-0.3195270597769346	-3106937.2665975303
0.3993546604783695	0.7403682989957743	16800	1332926.6178964388	4155214.2421337855	-0.32078408963383664	-3104006.037312234
0.40305650197334913	0.7403682989957743	16900	1337603.9989860903	4154037.5184067274	-0.3220009431930036	-3101128.9521241547
0.4067583434683288	0.7403682989957743	17000	1342178.905813966	4152850.5376618123	-0.32319460901418706	-3098342.7182934103
0.41046018496330844	0.7403682989957743	17100	1346430.0130124004	4151509.6066587386	-0.3243229910519341	-3095591.616425009
0.4141620264582881	0.7403682989957743	17200	1350225.0482603083	4149640.187479504	-0.32538364466737935	-3092926.528361859
0.41786386795326774	0.7403682989957743	17300	1354741.5590670067	4148259.520448357	-0.3265807147284223	-3090467.495568076
0.4215657094482474	0.7403682989957743	17400	1358334.5157091545	4146570.0153542273	-0.32758026771027926	-3088138.094551536
0.42526755094322705	0.7403682989957743	17500	1362100.991587674	4145088.4816421475	-0.32860601109485954	-3086077.803589908
0.4289693924382067	0.7403682989957743	17600	1366143.4594050823	4144311.2911812034	-0.3296430609139177	-3084329.522797134
0.43267123393318635	0.7403682989957743	17700	1370220.1315643257	4143747.814800387	-0.3306716993418993	-3082750.4610911664
0.436373075428166	0.7403682989957743	17800	1374637.022431705	4143169.7640382154	-0.33178389994135554	-3081117.75662248
0.44007491692314565	0.7403682989957743	17900	1378792.9301825284	4142568.7472304264	-0.3328352561690956	-3079614.338269722
0.4437767584181253	0.7403682989957743	18000	1383617.564961529	4142264.0006363853	-0.3340244766506821	-3078245.9082822744
0.44747859991310496	0.7403682989957743	18100	1388697.4974743207	4142215.293549448	-0.3352547849545385	-3077064.660442363
0.4511804414080846	0.7403682989957743	18200	1393737.6829822762	4141985.3228750946	-0.33649025149486406	-3075815.4451198075
0.45488228290306426	0.7403682989957743	18300	1398534.6800997625	4141804.659349027	-0.3376631191292281	-3074653.011687059
0.4585841243980439	0.7403682989957743	18400	1403049.2558554192	4141481.359026145	-0.33877956562512246	-3073406.180358697
0.46228596589302356	0.7403682989957743	18500	1407402.482200595	4141016.3133251127	-0.33986885723483007	-3072106.162893124
0.4659878073880032	0.7403682989957743	18600	1411509.5538767595	4140349.268896634	-0.34091557552411855	-3070692.2339152023
0.46968964888298287	0.7403682989957743	18700	1415443.437341712	4139748.588279315	-0.341915313734074	-3069300.2381736264
0.4733914903779625	0.7403682989957743	18800	1419051.5655125785	4139180.872029502	-0.3428339107145121	-3067976.0519087315
0.4770933318729422	0.7403682989957743	18900	1422725.5757690957	4138828.7924171193	-0.3437507679408524	-3066750.3511595507
0.4807951733679218	0.7403682989957743	19000	1426432.5375156295	4138702.9585984815	-0.34465690139759936	-3065639.532248274
0.4844970148629015	0.7403682989957743	19100	1429902.8898810009	4138251.094773246	-0.3455331387906881	-3064334.0559538403
0.48819885635788113	0.7403682989957743	19200	1433581.443960766	4138123.3386685704	-0.34643274901081533	-3063261.5617371667
0.4919006978528608	0.7403682989957743	19300	1437103.7219231897	4137744.5443634624	-0.3473157191109944	-3062131.0674581546
0.49560253934784043	0.7403682989957743	19400	1440399.0854635234	4137178.6727097817	-0.3481597483243542	-3060983.0517139025
0.4993043808428201	0.7403682989957743	19500	1443896.9717041038	4137343.643723702	-0.348991308443638	-3060181.592334283
0.5030062223377952	0.7403682989957743	19600	1447359.209483746	4137910.9044444687	-0.3497801772215924	-3059610.784486965
0.5067080638327693	0.7403682989957743	19700	1450536.6731038375	4138646.866906449	-0.35048573114624854	-3059134.0413298025
0.5104099053277434	0.7403682989957743	19800	1453676.5470945311	4139230.951490146	-0.3511948388797198	-3058831.7383022155
0.5141117468227175	0.7403682989957743	19900	1456443.313777914	4139295.926773684	-0.3518577409161268	-3058322.473410131
0.5178135883176916	0.7403682989957743	20000	1459751.6091734087	4139451.5806107973	-0.3526437212143969	-3057795.802898994
0.5215154298126657	0.7403682989957743	20100	1463971.472891302	4140403.9208963662	-0.3535818004380508	-3057587.8782168366
0.5252172713076398	0.7403682989957743	20200	1468077.0057759788	4141111.3686713264	-0.3545128046742222	-3057252.5199862937
0.5289191128026139	0.7403682989957743	20300	1471941.4420525702	4141584.4438750455	-0.3554053918252016	-3056800.828343379
0.532620954297588	0.7403682989957743	20400	1475005.4082191058	4141433.7288381914	-0.356158157970306	-3056083.795739436
0.5363227957925621	0.7403682989957743	20500	1478318.4730729903	4142246.4592249603	-0.356888101088411	-3055932.928943809
0.5400246372875362	0.7403682989957743	20600	1482097.0567265102	4143540.743512039	-0.35768854428357666	-3056164.2761673587
0.5437264787825103	0.7403682989957743	20700	1485757.9828519158	4145393.050523004	-0.35841184774130525	-3056686.518739102
0.5474283202774844	0.7403682989957743	20800	1488862.101936987	4147893.10150384	-0.35894418334869627	-3057494.8966975776
0.5511301617724585	0.7403682989957743	20900	1491830.9598794633	4150600.015361204	-0.35942537328537005	-3058365.752511525
0.5548320032674326	0.7403682989957743	21000	1494422.0939344086	4153259.382552157	-0.35981910983274384	-3059253.8252338716
0.5585338447624068	0.7403682989957743	21100	1495984.1933354738	4155780.910808447	-0.35997667476759543	-3059997.3705804534
0.5622356862573809	0.7403682989957743	21200	1498319.5082863716	4158194.6954427226	-0.36032932992014355	-3060817.0180715616
0.565937527752355	0.7403682989957743	21300	1500564.265769974	4160340.4448103625	-0.3606830464179412	-3061526.9824717245
0.569639369247329	0.7403682989957743	21400	1502823.7637811725	4162361.2649482535	-0.3610507757787948	-3062125.77844049
0.5733412107423032	0.7403682989957743	21500	1504654.785475348	4164194.4000286986	-0.36133154241429705	-3062687.3028934835
0.5770430522372773	0.7403682989957743	21600	1506221.452975907	4165862.5695184413	-0.3615629243261428	-3063217.3342285105
0.5807448937322514	0.7403682989957743	21700	1507480.9210786773	4167595.4945645966	-0.36171478807018176	-3063618.249826212
0.5844467352272255	0.7403682989957743	21800	1507779.9105393551	4169087.2861074456	-0.3616570743346381	-3063956.5565216425
0.5881485767221996	0.7403682989957743	21900	1502866.273591399	4170146.9848601683	-0.36038688301577754	-3065136.867513992
0.5918504182171737	0.7403682989957743	22000	1504419.8758719803	4173982.1956080557	-0.3604279571328694	-3065899.0738694016
0.5955522597121478	0.7403682989957743	22100	1500018.4818929313	4176196.9457214237	-0.35918288849612867	-3067556.3956788257
0.5992541012071219	0.7403682989957743	22200	1499990.1401975523	4178584.0151565485	-0.3589709180805728	-3068250.481164073
0.602955942702096	0.7403682989957743	22300	1500561.317414223	4181066.1506818687	-0.3588944215028753	-3068975.5360543574
0.6066577841970701	0.7403682989957743	22400	1501716.5106764284	4183261.933291978	-0.3589821853432608	-3069508.28301662
0.6103596256920442	0.7403682989957743	22500	1502589.5672960829	4185143.579346243	-0.35902939500364783	-3069991.8445305754
0.6140614671870183	0.7403682989957743	22600	1503357.4815140164	4186644.8777468167	-0.3590840698012817	-3070395.347014127
0.6177633086819924	0.7403682989957743	22700	1503970.5108380206	4188134.0575890886	-0.3591027627477105	-3070847.219187379
0.6214651501769665	0.7403682989957743	22800	1505151.6158500575	4189948.628176096	-0.3592291336768148	-3071464.7898566346
0.6251669916719406	0.7403682989957743	22900	1506693.2785521168	4192075.2458244297	-0.3594146550811267	-3072385.3228242868
0.6288688331669147	0.7403682989957743	23000	1508223.1084629078	4193931.1740957443	-0.3596203766477156	-3073129.4521402656
0.6325706746618888	0.7403682989957743	23100	1509761.2770566414	4195673.456919196	-0.35983765003609947	-3073835.304893408
0.6362725161568629	0.7403682989957743	23200	1510930.933057433	4197300.569520359	-0.3599768251121679	-3074535.897054892
0.639974357651837	0.7403682989957743	23300	1512086.9978752066	4198991.654935868	-0.36010716908612217	-3075274.353105031
0.6436761991468111	0.7403682989957743	23400	1512919.9707114284	4200851.65874649	-0.36014601171679433	-3076086.650238658
0.6473780406417852	0.7403682989957743	23500	1513685.8480931795	4202689.6886627665	-0.3601707383194432	-3076832.7716156724
0.6510798821367593	0.7403682989957743	23600	1513733.3253681262	4204273.666194273	-0.3600463351231758	-3077642.0538878515
0.6547817236317334	0.7403682989957743	23700	1512336.9571057535	4205295.226489387	-0.3596268218172791	-3078526.0127554634
0.6584835651267075	0.7403682989957743	23800	1507784.512430963	4203939.440240911	-0.3586599031370818	-3079406.853767645
0.6621854066216816	0.7403682989957743	23900	1506498.9310586094	4204610.624831076	-0.3582968948805181	-3080596.035714404
0.6658872481166557	0.7403682989957743	24000	1489537.8620861166	4193821.5071519385	-0.3551743581709263	-3082762.0745251724
0.6695890896116298	0.7403682989957743	24100	1495647.4392954716	4198096.180223598	-0.3562680260498012	-3082823.2612728397
0.6732909311066039	0.7403682989957743	24200	1499054.6131391295	4200724.11598065	-0.3568562399602332	-3083683.1252316176
0.676992772601578	0.7403682989957743	24300	1501450.1908401505	4203214.356277521	-0.3572147560349206	-3084567.9647543714
0.6806946140965521	0.7403682989957743	24400	1502275.9193876926	4204452.617680099	-0.35730594586093994	-3085378.5558996387
0.6843964555915262	0.7403682989957743	24500	1501372.9722679458	4204866.985299735	-0.35705599666214494	-3087379.2364414562
0.6880982970865003	0.7403682989957743	24600	1502969.575338743	4208064.2743548	-0.3571641204480379	-3088772.965568377
0.6918001385814744	0.7403682989957743	24700	1504380.4962512057	4211978.658004747	-0.3571671697320149	-3090690.932432547
0.6955019800764485	0.7403682989957743	24800	1505768.6680379852	4216594.375135716	-0.3571054111624195	-3092900.7214769255
0.6992038215714226	0.7403682989957743	24900	1504603.5767883074	4220672.367285233	-0.3564843337404271	-3095071.572015704
0.7029056630663967	0.7403682989957743	25000	1492757.6211504294	4221966.092242571	-0.3535693059906896	-3097454.646428108
0.7066075045613708	0.7403682989957743	25100	1493918.2542341144	4226681.4152141465	-0.3534494577369098	-3099469.456457754
0.7103093460563449	0.7403682989957743	25200	1484413.6318310068	4226209.567500124	-0.35123994873473896	-3100829.837370207
0.714011187551319	0.7403682989957743	25300	1485511.5239111567	4229797.931563454	-0.35120153443407387	-3102572.798591603
0.7177130290462931	0.7403682989957743	25400	1486293.0542674037	4232803.667261401	-0.35113678098588175	-3104169.789383391
0.7214148705412672	0.7403682989957743	25500	1485688.2511412962	4235247.681072907	-0.3507913498850981	-3105974.4489412173
0.7251167120362413	0.7403682989957743	25600	1485512.7096723993	4237379.972175159	-0.3505734013534421	-3107684.014513587
0.7288185535312154	0.7403682989957743	25700	1486416.532363459	4239552.632059364	-0.3506069298735022	-3109211.672223982
0.7325203950261895	0.7403682989957743	25800	1486939.4226408019	4241555.011418728	-0.3505646911658104	-3110780.051958512
0.7362222365211636	0.7403682989957743	25900	1486608.7196382722	4242871.379021767	-0.35037798387869673	-3112370.009308454
0.7399240780161377	0.7403682989957743	26000	1486505.263144853	4243443.963019636	-0.3503063257343112	-3113420.351222126
0.7436259195111118	0.7403682989957743	26100	1486021.9823691035	4242704.376487236	-0.3502534823318191	-3114304.5978581533
0.7473277610060859	0.7403682989957743	26200	1485555.0226933833	4241845.803941295	-0.3502142914561122	-3115555.059422378
0.75102960250106	0.7403682989957743	26300	1484137.6059236438	4239905.574943945	-0.35004024964477315	-3116907.057877027
0.7547314439960341	0.7403682989957743	26400	1477394.653302566	4234725.77438103	-0.3488761095796125	-3118593.4230955313
0.7584332854910082	0.7403682989957743	26500	1475639.6912228682	4232486.052061743	-0.34864608484747384	-3121845.6959439255
0.7621351269859823	0.7403682989957743	26600	1482015.1120822171	4236963.038831325	-0.34978240274925765	-3124025.993034272
0.7658369684809564	0.7403682989957743	26700	1486032.0837023163	4239054.312740353	-0.35055745316498793	-3125417.2007328696
0.7695388099759305	0.7403682989957743	26800	1490359.8860773	4241883.198152105	-0.3513439235494618	-3127320.072146625
0.7732406514709046	0.7403682989957743	26900	1494579.4840772701	4244891.648074159	-0.352088959621699	-3129233.3395830337
0.7769424929658787	0.7403682989957743	27000	1498028.7201008918	4248448.408557401	-0.352606075451805	-3131587.855888527
0.7806443344608528	0.7403682989957743	27100	1500924.9524793313	4252025.983018644	-0.3529905410911385	-3134092.723486996
0.7843461759558269	0.7403682989957743	27200	1503665.8390351557	4256147.775612365	-0.35329267645525103	-3136670.4724995955
0.788048017450801	0.7403682989957743	27300	1505661.6351706267	4259699.47183768	-0.35346663423677355	-3139135.8604407148
0.7917498589457751	0.7403682989957743	27400	1507047.1440028558	4262925.614793405	-0.35352414754154515	-3141521.4361917763
0.7954517004407492	0.7403682989957743	27500	1508141.5563400753	4265640.431477847	-0.35355571585708506	-3143885.686650721
0.7991535419357233	0.7403682989957743	27600	1509662.9306545283	4267781.933919295	-0.3537347863666824	-3145912.0955011114
0.8028553834306974	0.7403682989957743	27700	1511148.936027683	4269509.122711127	-0.3539397370037958	-3147681.37196541
0.8065572249256715	0.7403682989957743	27800	1512812.7934723545	4270973.311826362	-0.35420797158422007	-3149235.9226433584
0.8102590664206456	0.7403682989957743	27900	1513533.593543552	4271238.302750066	-0.35435475294577995	-3150649.8510370944
0.8139609079156197	0.7403682989957743	28000	1506798.40995163	4261011.964865144	-0.3536245432719216	-3150413.09364212
0.8176627494105938	0.7403682989957743	28100	1514045.742206386	4264787.659276256	-0.3550108148791921	-3151536.577855932
0.8213645909055679	0.7403682989957743	28200	1517737.3061625373	4266556.374925624	-0.355728876590549	-3152902.450611276
0.825066432400542	0.7403682989957743	28300	1517195.5343291953	4268902.211183841	-0.35540648608777814	-3154219.366908383
0.8287682738955161	0.7403682989957743	28400	1516720.7211419553	4270566.406581314	-0.355156805149911	-3155452.2733979407
0.8324701153904902	0.7403682989957743	28500	1513781.0331073895	4269932.853749549	-0.3545210393128537	-3156445.081463337
0.8361719568854643	0.7403682989957743	28600	1514190.6720182023	4270634.434785906	-0.3545587184153614	-3157599.397922167
0.8398737983804384	0.7403682989957743	28700	1512438.244673228	4270678.479153381	-0.35414472245006223	-3158535.3732906175
0.8435756398754125	0.7403682989957743	28800	1510433.4156887026	4270753.639848669	-0.35366905775024376	-3159162.47536454
0.8472774813703866	0.7403682989957743	28900	1507873.4565528182	4269691.600004635	-0.35315746377353846	-3158825.7747346424
0.8509793228653607	0.7403682989957743	29000	1504002.3570866573	4267716.065095375	-0.3524138752780513	-3157509.823650286
0.8546811643603348	0.7403682989957743	29100	1498444.564439227	4265836.429130169	-0.35126629661812175	-3155598.7326536607
0.8583830058553089	0.7403682989957743	29200	1494366.4572392625	4264426.901562988	-0.35042609282188675	-3152732.2561584176
0.862084847350283	0.7403682989957743	29300	1491667.9649320748	4263675.025598925	-0.34985498565818535	-3149615.1117659197
0.8657866888452571	0.7403682989957743	29400	1492145.379248829	4264307.834299454	-0.34991502425011034	-3147253.878644938
0.8694885303402312	0.7403682989957743	29500	1493319.2755244817	4265519.046155253	-0.35009087038785874	-3145609.666324444
0.8731903718352053	0.7403682989957743	29600	1494277.619534674	4266496.1470552515	-0.35023531441977956	-3144272.161384646
0.8768922133301794	0.7403682989957743	29700	1495176.5520018244	4267242.006865493	-0.3503847566170984	-3143286.1021387945
0.8805940548251535	0.7403682989957743	29800	1496809.0639820588	4267761.301846004	-0.35072464416756854	-3142886.8802133477
0.8842958963201276	0.7403682989957743	29900	1498296.9365850617	4267540.524420884	-0.35109143733049475	-3142493.971531829
0.8879977378151017	0.7403682989957743	30000	1499119.1481248867	4266142.735513216	-0.35139920088598325	-3141991.96472539
0.8916995793100758	0.7403682989957743	30100	1498104.9005888011	4263289.254108416	-0.3513964948883349	-3141717.2178448574
0.8954014208050499	0.7403682989957743	30200	1497501.594242187	4259703.881380125	-0.3515506326127541	-3141493.273496136
0.899103262300024	0.7403682989957743	30300	1495568.314575447	4253809.855316378	-0.3515832548806331	-3141052.689094178
0.9028051037949981	0.7403682989957743	30400	1488598.8117715719	4242903.575226264	-0.3508443652745958	-3140547.9315972724
0.9065069452899722	0.7403682989957743	30500	1497302.639343882	4241745.443540873	-0.35299210178298246	-3140015.205721879
0.9102087867849463	0.7403682989957743	30600	1505610.5217592868	4240313.35058415	-0.35507058023244253	-3139294.536638131
0.9139106282799204	0.7403682989957743	30700	1512929.1343089847	4238678.528206477	-0.35693415394470934	-3138322.888640513
0.9176124697748945	0.7403682989957743	30800	1519483.2176512412	4237200.735957013	-0.3586054360740714	-3137063.072728576
0.9213143112698686	0.7403682989957743	30900	1525645.3014141761	4235900.869395759	-0.36017020899542573	-3135668.8313908987
0.9250161527648427	0.7403682989957743	31000	1530658.307388229	4234383.006494928	-0.36148319720734323	-3133955.4615375153
0.9287179942598168	0.7403682989957743	31100	1533567.4470012214	4232153.16680474	-0.362361045679984	-3131875.89383284
0.9324198357547909	0.7403682989957743	31200	1535831.3191099078	4229613.575370255	-0.3631138617611097	-3129518.9855639935
0.936121677249765	0.7403682989957743	31300	1536693.7390991785	4226136.767679645	-0.3636166606938512	-3126527.3026537555
0.9398235187447391	0.7403682989957743	31400	1538632.0718743014	4222851.852541764	-0.36435852490259346	-3123306.071457425
0.9435253602397132	0.7403682989957743	31500	1542198.290760939	4220049.493371326	-0.3654455458836107	-3119886.523464751
0.9472272017346873	0.7403682989957743	31600	1546715.1763885266	4217286.3724080045	-0.3667560226661526	-3116257.8079150696
0.9509290432296614	0.7403682989957743	31700	1552304.7810510031	4214860.616861813	-0.3682932656992051	-3112773.3810854494
0.9546308847246355	0.7403682989957743	31800	1558590.7590096018	4212655.266741777	-0.3699782347049426	-3109434.2759627737
0.9583327262196096	0.7403682989957743	31900	1565165.9014799348	4210469.144199482	-0.3717319490717971	-3106261.8071844145
0.9620345677145837	0.7403682989957743	32000	1571837.2296312298	4208330.687110817	-0.37350611121065613	-3103218.2595067103
0.9657364092095578	0.7403682989957743	32100	1578412.5188187584	4206006.556733661	-0.3752758103269664	-3100208.878555646
0.9694382507045319	0.7403682989957743	32200	1584881.083689145	4203727.101266272	-0.37701807122820546	-3097285.1096763355
0.973140092199506	0.7403682989957743	32300	1591344.3918282639	4201614.880126464	-0.3787458958590622	-3094664.0664734817
0.9768419336944801	0.7403682989957743	32400	1597736.9490928967	4199467.663382181	-0.3804617816264136	-3092225.3567768973
0.9805437751894542	0.7403682989957743	32500	1603913.5353545942	4197313.634617832	-0.38212858865873905	-3089955.0675803907
0.9842456166844283	0.7403682989957743	32600	1609640.8430921263	4194958.354809449	-0.3837084201912756	-3087841.083407244
0.9879474581794024	0.7403682989957743	32700	1613671.2294296941	4191916.082639502	-0.38494836194660226	-3086357.8711699
0.9916492996743765	0.7403682989957743	32800	1613435.5671122	4186985.0606025774	-0.3853454320374383	-3085327.358986613
0.9953511411693506	0.7403682989957743	32900	1610711.447308986	4180667.840555198	-0.3852761110758518	-3083244.2754098214
0.9990529826643247	0.7403682989957743	33000	1611921.1715866546	4176698.012858036	-0.3859319411229464	-3080312.5532260244
1.0027548241593072	0.7403682989957743	33100	1615490.09399793	4174126.8326221034	-0.3870246781608002	-3077099.85595713
