# exz		ezz		i		sxz		szz		tanPhi		tens_media
0.0	0.9952605431699192	100	0.04382071616324808	0.008003215818190522	5.475388538648165	-0.15714643559517597
0.0	0.9905435487908819	200	0.9713342994610993	1.0244917345478926	-0.9481133587571093	-1.3323891671886088
0.0	0.985848910403072	300	0.12496388900503116	0.03676342513968644	-3.3991361939269242	-0.5231578344020503
0.0	0.9811765220512336	400	0.15749352103836356	0.059829307503920626	2.632380811495152	-0.20762927765553352
0.0	0.9765262782822821	500	0.1015754111552196	0.09938310392971035	-1.0220591543111772	-0.8324478786880993
0.0	0.971898074142923	600	0.24452826358508117	0.7356376975858203	-0.33240311689784524	-1.2414983542493032
0.0	0.967291805177283	700	1.223488815903317	2.2636785212848647	0.5404870013118578	-2.4620827481932017
0.0	0.962707367424554	800	0.34706003379445416	1.6939568633635265	0.2048812701790591	-1.1302245466944767
0.0	0.9581446574166443	900	0.08932955865647062	1.6158791735498277	-0.05528232563343699	-1.5405398973017812
0.0	0.953603572175845	1000	0.6627718508171769	0.6216190587141412	-1.0662025906801553	-0.9475550252979253
0.0	0.9490840092125057	1100	0.20947025806462524	2.6481753124947045	-0.07909984549598965	-1.2968148749585373
0.0	0.9445858665227228	1200	0.08602894287410437	0.772912876240544	0.11130483851239485	-1.2464602741365851
0.0	0.9401090425860331	1300	0.03172397313768822	2.9226639115642827	-0.010854471844047493	-1.8111430045777428
0.0	0.935653436363128	1400	0.03674765622732156	2.3530045081056548	0.015617333541322529	-2.387064522297359
0.0	0.9312189472935672	1500	1.2888240272201412	2.6867023549937903	-0.4797048042276049	-3.3243837805515635
0.0	0.9268054752935152	1600	0.20748578206878604	3.256795684031148	0.06370856578020496	-2.4406089562782443
0.0	0.9224129207534788	1700	0.3816294752490617	1.0340848143415982	0.3690504588756051	-1.2499105217853348
0.0	0.9180411845360581	1800	1.0819430744474434	5.201943440617838	0.2079882426247488	-5.457281603778225
0.0	0.9136901679737132	1900	0.3788569147630704	1.3341951351509875	0.2839591486894427	-1.577844687301275
0.0	0.9093597728665317	2000	0.8008551738729024	4.831017333650224	0.16577360803377444	-3.086988883172532
0.0	0.9050499014800177	2100	0.2535040902556767	4.438326163880863	0.057117048386099975	-4.382153641153775
0.0	0.9007604565428837	2200	1.1240337452397673	6.335285956916714	0.177424310896744	-4.497186323534869
0.0	0.8964913412448544	2300	0.5401613631588158	6.154557742654957	-0.08776607284308306	-5.071786463106577
0.0	0.8922424592344828	2400	0.06793644400271406	3.1207812462199542	-0.0217690503251396	-4.837114331425302
0.0	0.8880137146169755	2500	1.3223014821521843	6.440033426785501	0.20532525136475918	-7.121058279796642
0.0	0.8838050119520281	2600	1.125818332618119	6.234004705878607	-0.180593115618999	-4.899484799734146
0.0	0.8796162562516724	2700	0.34565556812473797	8.056440080598	-0.042904256056861434	-6.874825471632555
0.0	0.8754473529781295	2800	0.21106796320466154	9.09261504122199	0.02321311990530453	-8.75794234906887
0.0	0.8712982080416811	2900	2.389281130895489	10.713188308457307	0.22302241518608612	-13.019800180056686
0.0	0.8671687277985399	3000	0.256409689917959	21.542009565388316	-0.01190277486135435	-19.547886041857186
0.0	0.8630588190487424	3100	0.02701964311829556	24.18209178491808	0.0011173410207278764	-19.8809453538596
0.0	0.8589683890340397	3200	5.263331698170907	24.456536120279416	0.21521165844113713	-28.315823021117392
0.0	0.8548973454358081	3300	2.2053841756253636	35.57412749805371	0.06199404822355859	-40.91081279853354
0.0	0.8508455963729641	3400	2.3589100228837276	40.33463515916895	0.058483484815840606	-37.397113656538984
0.0	0.8468130503998897	3500	9.887444220727788	75.07618946240399	0.13169880213058946	-72.14616881812599
0.0	0.8427996165043703	3600	1.200193765371888	89.13317609981921	0.013465174448937002	-92.67131870446964
0.0	0.8388052041055386	3700	14.332386173452333	111.60831362705015	0.12841683300892237	-107.32275176936872
0.0	0.8348297230518325	3800	3.2088608792564117	135.70127790425462	-0.023646504504699323	-138.56024988846295
0.0	0.8308730836189596	3900	1.9820906012878539	242.9636110699321	0.008157973091358729	-252.4611208510364
0.0	0.8269351965078712	4000	10.665968614865514	257.3879959042483	-0.04143926206579344	-263.07780572482346
0.0	0.823015972842747	4100	10.098234161542685	381.7980749637492	-0.02644914897096191	-366.69572906837493
0.0	0.8191153241689915	4200	0.5658114470547336	414.30053984472255	-0.0013657028959382879	-441.1418676280892
0.0	0.8152331624512344	4300	30.801907310270817	821.5650423438715	0.03749174529431654	-783.0798760923605
0.0	0.8113694000713458	4400	49.7996718224275	963.2825630985132	0.0516978856777402	-1023.2246821375393
0.0	0.807523949826459	4500	31.963091568805655	1395.5457655301382	0.022903649853907554	-1378.6286726149258
0.0	0.8036967249269993	4600	21.88098429366155	1977.5863804618652	0.011064489778975546	-2023.6619019446323
0.0	0.7998876389947298	4700	82.92335738232075	2446.58672552517	-0.03389348782006528	-2510.791565629305
0.0	0.7960966060607987	4800	139.98195079094694	3381.0644136873716	-0.04140174029937612	-3357.9988416101737
0.0	0.7923235405637992	4900	119.31213764183798	6323.5494214132805	0.01886790624863533	-6188.976223681602
0.0	0.7885683573478395	5000	49.359617410368635	8060.049523500347	-0.006123984383278648	-7986.150989701426
0.0	0.7848309716606218	5100	123.52733319650268	11276.172559024495	-0.010954721786129626	-11159.597816615707
0.0	0.7811112991515257	5200	497.5695071962823	16364.930259120854	-0.030404621304082013	-15684.983092791474
0.0	0.7774092558697081	5300	110.48156217251645	22004.08752146744	-0.0050209563138998315	-21397.99202464666
0.0	0.7737247582622077	5400	633.6467696018403	35296.43133567829	0.017952148294418036	-33202.75852279288
0.0	0.7700577231720594	5500	673.599861710015	42325.88319424508	0.01591460852969519	-41273.4667130917
0.0	0.7664080678364145	5600	109.31636479731722	57121.38834924632	0.0019137553892938524	-55441.041324211394
0.0	0.7627757098846778	5700	18.56771976799981	75495.8719388955	-0.0002459435104349555	-74287.15013765746
0.0	0.759160567336645	5800	44.09990206489667	95837.61877594654	-0.000460152314176288	-95112.11440464806
0.0	0.7555625586006529	5900	1649.0522942099205	116337.83195158873	0.014174686484583409	-116864.74971462863
0.0	0.7519816024717396	6000	735.3367085913316	143417.73534137645	0.005127236926737224	-144768.980670059
0.0	0.7484176181298084	6100	1354.6330352902169	176172.43279771743	0.007689245211511708	-174707.05238826902
0.0	0.7448705251378099	6200	829.6745557060376	206891.44128598913	-0.004010192739481988	-204450.85715761074
0.0	0.7413402434399192	6300	245.6005551978943	243050.1555157999	0.001010493306110757	-238450.73495959913
0.0	0.7378266933597336	6400	324.51118725681187	279022.1629607719	0.001163030147187395	-272011.89807811443
0.0	0.7343297955984732	6500	1598.8717260601732	314693.26117312897	0.005080730741102687	-299763.58846775943
0.0	0.7308494712331914	6600	7899.837811027343	349211.1374469185	0.022621952635253937	-331546.05929129856
0.0	0.727385641714994	6700	9760.780969222944	386722.8865451751	0.025239729296659397	-367844.1594861247
0.0	0.7239382288672646	6800	7586.089918443079	422528.35362697334	0.017954037529846846	-405823.13986688945
0.0	0.7205071548839022	6900	2327.616244549212	464678.2953857949	-0.005009091811823769	-444379.6411586259
0.0	0.7170923423275652	7000	2667.5662366708957	513884.2720457029	-0.005190986340274008	-490282.756427693
0.0	0.7136937141279218	7100	4096.273405922167	566941.6261664497	-0.0072252119386970745	-538238.984014269
0.0	0.7103111935799126	7200	3378.1995684838384	624560.5814910223	-0.005408922158390168	-589235.3854746922
0.0	0.7069447043420167	7300	2930.5370668435176	684442.4540805425	-0.004281641282436672	-641410.9900895039
0.0	0.7035941704345335	7400	2148.7407992750077	746166.99338741	-0.002879704969956211	-693681.9343454568
0.0	0.700259516237862	7500	2381.5334504397706	805370.8994914561	-0.002957064194824481	-748549.3571363167
0.0	0.6969406664907986	7600	2871.9413701029157	871194.737239873	-0.0032965550035366675	-806731.6363294533
0.0	0.6936375462888377	7700	1253.9513279803502	936079.8151321551	-0.001339577360508856	-863373.3960266105
0.0	0.6903500810824784	7800	1214.3377088896023	1007358.1014746893	0.001205467754825133	-923662.925530617
0.0	0.6870781966755454	7900	734.1588996684842	1082655.2287648933	-0.000678109595892334	-982213.8860715647
0.0	0.6838218192235115	8000	231.99164595217263	1159865.0462174015	0.00020001606799752533	-1046763.6725024729
0.0	0.6805808752318336	8100	2201.623642740863	1230808.610051798	0.0017887619770942363	-1109092.137320082
0.0	0.6773552915542933	8200	2799.5329437494383	1307480.9361004683	0.002141165401691424	-1175985.1102973605
0.0	0.6741449953913444	8300	1910.025009538634	1389976.79759462	0.0013741416495900989	-1245755.828552989
0.0	0.6709499142884717	8400	2365.40574900405	1477599.3167795201	0.0016008438296787626	-1317907.241697239
0.0	0.6677699761345547	8500	248.45263814464022	1567730.8608727604	-0.00015847913972065708	-1392975.2223427754
0.0	0.6646051091602406	8600	2718.148642751572	1656872.0571948066	-0.001640530197216058	-1467700.892556737
0.0	0.6614552419363238	8700	682.3653348605861	1749899.337191908	0.0003899454787814189	-1543568.0886324581
0.0	0.6583203033721361	8800	2863.8106966839355	1850346.2427313307	0.0015477161141779665	-1624687.5389873048
0.0	0.6552002227139376	8900	3213.378837353012	1952863.0147232977	0.0016454706823398554	-1707374.2248988424
0.0	0.652094929543325	9000	5251.543732793907	2056376.0539034186	0.002553785686633246	-1791197.2614551743
0.0	0.649004353775639	9100	5590.800064743904	2158340.128019363	0.002590323921686243	-1876130.4504846663
0.0	0.645928425658385	9200	6974.777652237535	2266703.1376762902	0.0030770582774185973	-1964840.189307221
0.0	0.642867075769655	9300	9729.739490607408	2383333.122430282	0.004082408539132794	-2056661.110717173
0.0	0.6398202350165639	9400	10098.167212160775	2496392.9966585287	0.004045103165117581	-2147768.043598924
0.0024293202442251007	0.6392126019051195	9500	7142.988331336169	2518952.607816665	-0.0028356977853296918	-2165849.7903384767
0.005465970549506458	0.6392126019051195	9600	27281.86481872766	2518901.6914008665	-0.010830857318435113	-2165693.657391677
0.008502620854787795	0.6392126019051195	9700	47364.66190350543	2518821.214799703	-0.018804296877129437	-2165431.93651332
0.011539271160069132	0.6392126019051195	9800	67404.10986230994	2518725.8885375527	-0.026761193097295227	-2165081.373034704
0.014575921465350469	0.6392126019051195	9900	87339.65125448356	2518656.1652387637	-0.03467708393861054	-2164674.7502489393
0.01761257177063192	0.6392126019051195	10000	107202.60874431967	2518566.0692182533	-0.042564938063187154	-2164161.6950544235
0.02064922207591343	0.6392126019051195	10100	127026.1681757976	2518544.4293218325	-0.05043634199854155	-2163597.3105160315
0.02368587238119494	0.6392126019051195	10200	146774.21271328494	2518520.937318997	-0.05827794025390485	-2162957.4457121813
0.02672252268647645	0.6392126019051195	10300	166420.12310257106	2518535.468879206	-0.06607813356570715	-2162227.0621435256
0.02975917299175796	0.6392126019051195	10400	185933.6723810968	2518609.498581448	-0.07382393836194928	-2161441.7655948834
0.0327958232970393	0.6392126019051195	10500	205318.94447614375	2518722.875099202	-0.08151708411671017	-2160568.832980176
0.03583247360232046	0.6392126019051195	10600	224594.23586907197	2518831.6997475508	-0.08916603514700162	-2159636.8225518023
0.038869123907601624	0.6392126019051195	10700	243711.1941071186	2518953.030471784	-0.09675098787430467	-2158642.4288849947
0.04190577421288279	0.6392126019051195	10800	262671.48171651515	2519024.6729712407	-0.10427507302129312	-2157608.4087256375
0.04494242451816395	0.6392126019051195	10900	281505.20525536267	2519143.708693173	-0.11174638599772296	-2156526.298175392
0.047979074823445114	0.6392126019051195	11000	300223.7583311996	2519257.4080958166	-0.11917152942228482	-2155350.6426544487
0.05101572512872628	0.6392126019051195	11100	318837.33516532707	2519428.370227698	-0.12655145862968575	-2154110.472799616
0.05405237543400744	0.6392126019051195	11200	337300.1953991961	2519689.6573587214	-0.13386576970465994	-2152833.6267883
0.057089025739288604	0.6392126019051195	11300	355595.9489940359	2519900.8329902533	-0.14111505672708005	-2151451.2697315635
0.06012567604456977	0.6392126019051195	11400	373795.72277728724	2520116.5213096435	-0.14832477769045166	-2150019.277076229
0.06316232634985093	0.6392126019051195	11500	391940.9473503204	2520414.1368433773	-0.15550656601267757	-2148548.3245229037
0.0661989766551321	0.6392126019051195	11600	409965.03203043895	2520748.3048479552	-0.16263624227852727	-2146967.4150645933
0.06923562696041326	0.6392126019051195	11700	427859.8654797707	2521090.424378854	-0.16971222505245392	-2145297.750126776
0.07227227726569442	0.6392126019051195	11800	445590.53921064106	2521462.2539033135	-0.17671909961009769	-2143574.8729784745
0.07530892757097558	0.6392126019051195	11900	463105.50556431233	2521828.995072359	-0.18363874254329618	-2141805.9810992763
0.07834557787625675	0.6392126019051195	12000	480464.1900737706	2522152.9262739634	-0.1904976439250144	-2139969.2181453495
0.08138222818153791	0.6392126019051195	12100	497632.10550120875	2522480.8094880492	-0.19727884693093298	-2138074.146117095
0.08441887848681907	0.6392126019051195	12200	514701.3273539479	2522821.326179001	-0.20401814508738952	-2136089.2291780836
0.08745552879210024	0.6392126019051195	12300	531638.7071864478	2523150.2942134626	-0.21070433592707352	-2134014.3253960162
0.0904921790973814	0.6392126019051195	12400	548387.5088309022	2523636.780949423	-0.21730048990036993	-2131934.9750855435
0.09352882940266256	0.6392126019051195	12500	564975.8301541221	2524322.969956488	-0.22381281511052473	-2129848.906485076
0.09656547970794373	0.6392126019051195	12600	581423.0394683027	2525185.053059482	-0.23024967566787155	-2127764.9828434587
0.09960213001322489	0.6392126019051195	12700	597654.837566231	2526101.788592824	-0.2365917479117725	-2125674.91929579
0.10263878031850605	0.6392126019051195	12800	613617.1755964607	2527129.771265937	-0.24281189774005002	-2123602.694185504
0.10567543062378722	0.6392126019051195	12900	629441.136363062	2528180.5235119564	-0.24897001242960692	-2121476.9599587745
0.10871208092906838	0.6392126019051195	13000	645079.2615681804	2529309.6700593005	-0.25504163021408777	-2119346.7393420776
0.11174873123434954	0.6392126019051195	13100	660502.3402986606	2530535.2872516736	-0.2610128946338501	-2117182.441969249
0.11478538153963071	0.6392126019051195	13200	675729.7131214871	2531838.008087288	-0.26689294929732743	-2114988.5079361387
0.11782203184491187	0.6392126019051195	13300	690797.0040502411	2533195.1311303983	-0.27269790454002013	-2112761.4004370165
0.12085868215019303	0.6392126019051195	13400	705727.4986749522	2534579.3599303137	-0.2784396929257546	-2110495.8822472296
0.1238953324554742	0.6392126019051195	13500	720543.6512843904	2535940.6219589687	-0.2841326981574921	-2108155.194747947
0.12693198276075623	0.6392126019051195	13600	735235.1390307631	2537369.8858555397	-0.2897626960615005	-2105798.837716646
0.12996863306603879	0.6392126019051195	13700	749750.9734561555	2538866.4314143998	-0.29530934127892267	-2103423.2113920725
0.13300528337132134	0.6392126019051195	13800	764069.8939980634	2540465.027060073	-0.3007598553254935	-2101056.379812367
0.1360419336766039	0.6392126019051195	13900	778201.1410510783	2542033.578068246	-0.30613330514794085	-2098671.324366567
0.13907858398188644	0.6392126019051195	14000	792188.1378077301	2543638.7058467497	-0.3114389382371107	-2096280.8380285942
0.142115234287169	0.6392126019051195	14100	806006.556228038	2545261.8063923866	-0.31666941066878257	-2093865.7238091184
0.14515188459245154	0.6392126019051195	14200	819723.9892045464	2546928.250498191	-0.3218480885922894	-2091437.2323387126
0.1481885348977341	0.6392126019051195	14300	833281.7470399673	2548593.085069631	-0.3269575484299805	-2089004.5712395702
0.15122518520301664	0.6392126019051195	14400	846477.202373326	2550459.345347511	-0.33189205854915904	-2086697.2405193213
0.1542618355082992	0.6392126019051195	14500	859370.0270757056	2552449.726207216	-0.3366844088062322	-2084424.5085600044
0.15729848581358175	0.6392126019051195	14600	872092.693475514	2554561.3744338863	-0.3413864713541195	-2082137.6830096683
0.1603351361188643	0.6392126019051195	14700	884588.320322371	2556790.5697777765	-0.3459760571626541	-2079851.3503209723
0.16337178642414685	0.6392126019051195	14800	896857.2464246706	2559019.209987935	-0.35046913400423396	-2077597.4477350889
0.1664084367294294	0.6392126019051195	14900	908907.9654869951	2561352.325923747	-0.3548547211907675	-2075344.4309992762
0.16944508703471195	0.6392126019051195	15000	920731.1276414597	2563676.5551464246	-0.3591448093532501	-2073077.9419114136
0.1724817373399945	0.6392126019051195	15100	932374.0512506831	2566020.717356731	-0.36335406216483146	-2070821.3212080866
0.17551838764527705	0.6392126019051195	15200	943792.5662842091	2568465.046267954	-0.3674539264824974	-2068575.2528522685
0.1785550379505596	0.6392126019051195	15300	955062.2194435117	2570864.7281611385	-0.3714945438325877	-2066298.3629363123
0.18159168825584215	0.6392126019051195	15400	966032.7116976145	2573213.265833853	-0.3754188292607649	-2064038.2502825856
0.1846283385611247	0.6392126019051195	15500	976773.1725151737	2575564.611121871	-0.3792462314077643	-2061780.2604904787
0.18766498886640726	0.6392126019051195	15600	987275.1585722194	2577929.271198294	-0.3829721666930397	-2059527.7344975767
0.1907016391716898	0.6392126019051195	15700	997552.0853443386	2580345.017072711	-0.3865963965067035	-2057337.968200077
0.19373828947697236	0.6392126019051195	15800	1007530.5202121651	2582852.586449266	-0.390084407255023	-2055183.5295823952
0.1967749397822549	0.6392126019051195	15900	1017262.7251539896	2585340.9187405137	-0.39347333954299685	-2053062.1724222566
0.19981159008753746	0.6392126019051195	16000	1026719.4465799408	2587869.254760363	-0.3967431680295669	-2050937.4544882646
0.20284824039282	0.6392126019051195	16100	1035902.4302362187	2590355.7795859464	-0.3999073943432596	-2048800.7707446406
0.20588489069810256	0.6392126019051195	16200	1044912.8440420062	2592951.1278186366	-0.40298208201133995	-2046675.9690135226
0.20892154100338511	0.6392126019051195	16300	1053770.1358184773	2595578.8218482058	-0.4059865672151426	-2044556.0494324465
0.21195819130866766	0.6392126019051195	16400	1062478.819556995	2598157.7677042913	-0.408935451404782	-2042395.011721067
0.21499484161395022	0.6392126019051195	16500	1070983.985184275	2600721.6747210566	-0.41180261447974614	-2040212.1560114275
0.21803149191923277	0.6392126019051195	16600	1079358.6491202395	2603315.3301627436	-0.41460926251018715	-2038019.9480800144
0.22106814222451532	0.6392126019051195	16700	1087461.527851639	2606048.7740590605	-0.4172836436049735	-2035936.8636502856
0.22410479252979787	0.6392126019051195	16800	1095252.3138228336	2608873.9236198715	-0.4198180310312375	-2033919.6230421846
0.22714144283508042	0.6392126019051195	16900	1102796.29790698	2611818.2730724043	-0.42223316578978864	-2031967.768823348
0.23017809314036297	0.6392126019051195	17000	1110205.1158401892	2614784.291468666	-0.42458764933783955	-2029984.2573237913
0.23321474344564552	0.6392126019051195	17100	1117433.6900515426	2617711.2643798254	-0.4268743101108514	-2028011.484511406
0.23625139375092807	0.6392126019051195	17200	1124474.3041709187	2620598.6688863067	-0.42909061869011556	-2025988.0349784254
0.23928804405621062	0.6392126019051195	17300	1131119.3696811725	2623495.2882451783	-0.43114976220817364	-2024035.5609102447
0.24232469436149318	0.6392126019051195	17400	1137389.8893725025	2626242.430677837	-0.43308640363370426	-2022045.5424542911
0.24536134466677573	0.6392126019051195	17500	1143264.84266666	2629061.4373627226	-0.434856647478538	-2019985.5893040758
0.24839799497205828	0.6392126019051195	17600	1148981.8046039226	2631937.626758412	-0.43655358429563146	-2017944.0644204754
0.25143464527734083	0.6392126019051195	17700	1154355.72334777	2634846.596818102	-0.438111169258125	-2015882.196956644
0.2544712955826234	0.6392126019051195	17800	1159134.2496646738	2637681.8171187025	-0.4394518861758942	-2013891.4614882267
0.25750794588790593	0.6392126019051195	17900	1163503.9045584588	2640538.8258498097	-0.44063124282370897	-2011994.581452925
0.2605445961931885	0.6392126019051195	18000	1167369.320948061	2643424.6690959334	-0.44161247891634003	-2010057.9154030522
0.26358124649847103	0.6392126019051195	18100	1171192.8633627729	2646042.7829223396	-0.44262053165644033	-2008173.330719608
0.2666178968037536	0.6392126019051195	18200	1174461.9656214423	2648749.927454662	-0.4434023587685573	-2006351.3089989843
0.26965454710903614	0.6392126019051195	18300	1177464.0172819262	2651393.9818088003	-0.44409243792529535	-2004582.745848235
0.2726911974143187	0.6392126019051195	18400	1179906.9576493697	2653965.6590368766	-0.4445826017498499	-2002828.4485941275
0.27572784771960124	0.6392126019051195	18500	1181302.6476450209	2656655.5209639445	-0.44465781819405603	-2001214.674276132
0.2787644980248838	0.6392126019051195	18600	1182491.1919632591	2659331.8322131447	-0.4446572547432594	-1999572.7345213334
0.28180114833016634	0.6392126019051195	18700	1183531.0724069434	2662257.393633329	-0.4445592207715549	-1997972.0147691956
0.2848377986354489	0.6392126019051195	18800	1185749.5989217125	2665549.4438041355	-0.444842470162351	-1996323.8803269302
0.28787444894073144	0.6392126019051195	18900	1187547.0171337454	2668695.7340387027	-0.44499153724675716	-1994621.255609501
0.290911099246014	0.6392126019051195	19000	1188860.0296513569	2671558.687034287	-0.4450061439492903	-1992843.7398853078
0.29394774955129654	0.6392126019051195	19100	1190693.1429775201	2674440.4813425103	-0.4452120551136058	-1991131.335202991
0.2969843998565791	0.6392126019051195	19200	1191541.6128842677	2677213.8579214374	-0.4450677742305461	-1989371.68668659
0.30002105016186165	0.6392126019051195	19300	1190950.010973835	2680047.603570856	-0.4443764392046733	-1987414.1165059172
0.3030577004671442	0.6392126019051195	19400	1190411.912581237	2682941.6004765676	-0.4436965427684992	-1985546.1571752152
0.30609435077242675	0.6392126019051195	19500	1188235.478563419	2686060.5515309097	-0.4423710693663212	-1983649.6809904466
0.3091310010777093	0.6392126019051195	19600	1185331.3120768634	2689212.9141973476	-0.44077257915097084	-1982091.1766248944
0.31216765138299185	0.6392126019051195	19700	1176201.0604053885	2693291.8873703713	-0.4367150348318863	-1981159.521496765
0.3152043016882744	0.6392126019051195	19800	1159755.8822998102	2699505.437431244	-0.4296179093469038	-1980598.3597314209
0.31824095199355695	0.6392126019051195	19900	1091393.795759806	2712927.550561253	-0.40229374925033196	-1987052.610051927
0.3212776022988395	0.6392126019051195	20000	698453.1795793124	2691819.883908925	-0.2594724794755041	-2048082.8876634568
0.32431425260412206	0.6392126019051195	20100	709935.8833343167	2692120.3328343197	-0.2637088226241661	-2046227.321253699
0.3273509029094046	0.6392126019051195	20200	720507.8895724637	2692102.6506188945	-0.26763759896258943	-2044513.8373923067
0.33038755321468716	0.6392126019051195	20300	726017.142730458	2691613.4532818426	-0.26973306358133875	-2043312.2952534948
0.3334242035199697	0.6392126019051195	20400	728040.8222981856	2691549.4039557073	-0.270491346444617	-2043096.0887802562
0.33646085382525226	0.6392126019051195	20500	719099.4817654368	2688727.0404355903	-0.2674497897893489	-2045809.5244101796
0.3394975041305348	0.6392126019051195	20600	722520.1113479258	2688425.082895234	-0.26875218355343766	-2045400.511928253
0.34253415443581736	0.6392126019051195	20700	725621.4103831681	2687357.2785643996	-0.2700130035448055	-2044996.1278110137
0.3455708047410999	0.6392126019051195	20800	728884.9000766593	2685895.702718325	-0.2713749827809672	-2044558.9642860843
0.34860745504638246	0.6392126019051195	20900	733962.7668694064	2685127.1677844124	-0.27334376400318633	-2043918.9557502642
0.351644105351665	0.6392126019051195	21000	739878.7210695955	2684789.5354121514	-0.27558164664703005	-2043139.0406138266
0.35468075565694757	0.6392126019051195	21100	746225.8284171218	2685222.909639131	-0.27790088701328997	-2042328.475370229
0.3577174059622301	0.6392126019051195	21200	751687.7746566907	2685999.725723706	-0.27985400276024175	-2041646.9989739882
0.36075405626751267	0.6392126019051195	21300	757695.0313693243	2686937.788228852	-0.28199202627194947	-2040929.344985287
0.3637907065727952	0.6392126019051195	21400	764629.8343405409	2687829.1380360387	-0.284478586648274	-2040036.3572647918
0.36682735687807777	0.6392126019051195	21500	771312.3340368194	2688493.3072784054	-0.2868939014832915	-2039142.5502263305
0.3698640071833603	0.6392126019051195	21600	777110.7849121722	2689260.580257149	-0.28896819840264953	-2038330.1271857757
0.3729006574886429	0.6392126019051195	21700	783041.4273204533	2690265.41856197	-0.2910647484511076	-2037422.5976189866
0.3759373077939254	0.6392126019051195	21800	789087.9782471871	2691360.574705661	-0.29319296182879	-2036495.989446359
0.378973958099208	0.6392126019051195	21900	794503.1966513533	2692197.4609048953	-0.29511327017755473	-2035550.8824287455
0.3820106084044905	0.6392126019051195	22000	800121.9201903687	2692392.164816215	-0.29717881765006016	-2034403.3445012665
0.3850472587097731	0.6392126019051195	22100	805775.0374289996	2692961.7993804226	-0.29921517550467536	-2033418.1494512958
0.38808390901505563	0.6392126019051195	22200	810609.8767729858	2693572.017688099	-0.3009423440137809	-2032469.1342914605
0.3911205593203382	0.6392126019051195	22300	814769.8029883229	2694449.777715077	-0.3023881943271018	-2031664.8499619986
0.39415720962562073	0.6392126019051195	22400	818617.6301665042	2695328.721016082	-0.30371717697494893	-2030866.243427216
0.3971938599309033	0.6392126019051195	22500	822518.896722974	2696299.807116477	-0.305054688114452	-2030140.6138142312
0.40023051023618583	0.6392126019051195	22600	826173.6018745921	2697659.86557639	-0.30625565973569074	-2029457.8699518007
0.4032671605414684	0.6392126019051195	22700	828628.6009947271	2698668.2639970537	-0.30705093028641767	-2028737.8577163413
0.40630381084675093	0.6392126019051195	22800	830761.6603242015	2699305.4158201916	-0.3077686783626788	-2027708.652162074
0.4093404611520335	0.6392126019051195	22900	832430.2644837736	2699945.2346004476	-0.3083137590407315	-2026843.347375063
0.41237711145731604	0.6392126019051195	23000	836147.359324214	2701375.8520776005	-0.30952648024936685	-2026036.852418884
0.4154137617625986	0.6392126019051195	23100	840740.7956045883	2702978.2504042825	-0.3110423827786403	-2025155.1376529352
0.41845041206788114	0.6392126019051195	23200	844408.9475967828	2704059.3738226476	-0.3122745586769669	-2024256.9770493715
0.4214870623731637	0.6392126019051195	23300	847710.48493439	2704975.6126107876	-0.3133893263149227	-2023550.360389434
0.42452371267844624	0.6392126019051195	23400	850297.6164385967	2705638.0132422005	-0.31426880176763716	-2022743.2273171518
0.4275603629837288	0.6392126019051195	23500	852951.0324769407	2705649.787369937	-0.3152481287336389	-2021753.5520558099
0.43059701328901134	0.6392126019051195	23600	855411.9281217218	2705630.1558566303	-0.31615996231786886	-2020922.4941157072
0.4336336635942939	0.6392126019051195	23700	851514.879226884	2704473.3970858273	-0.31485422638818467	-2020751.0408658644
0.43667031389957645	0.6392126019051195	23800	847738.9904783427	2703631.7838073373	-0.3135556385879333	-2020706.149963952
0.439706964204859	0.6392126019051195	23900	846675.6466131986	2703623.933678911	-0.3131632458442912	-2020313.1262409799
0.44274361451014155	0.6392126019051195	24000	844095.6454416701	2703237.1073992425	-0.3122536469816982	-2020101.1937235456
0.4457802648154241	0.6392126019051195	24100	836390.4217619289	2703937.6717440938	-0.3093231143979885	-2021082.786229526
0.44881691512070665	0.6392126019051195	24200	823237.9507902744	2704471.952704187	-0.3043987755048165	-2022917.6312563338
0.4518535654259892	0.6392126019051195	24300	816893.4026107204	2707131.211789453	-0.30175611697474464	-2024115.0068306243
0.45489021573127175	0.6392126019051195	24400	811493.6841245268	2709781.98520106	-0.29946825558526097	-2025597.7213135958
0.4579268660365543	0.6392126019051195	24500	810000.8451702641	2712196.6438314924	-0.29865122317457937	-2026713.878666781
0.46096351634183685	0.6392126019051195	24600	806222.880393039	2715337.0942279	-0.29691447227928314	-2028391.6115640036
0.4640001666471194	0.6392126019051195	24700	781734.5287169716	2720005.0636416445	-0.28740186522680816	-2033336.658222109
0.46703681695240196	0.6392126019051195	24800	775155.5577806393	2723268.334903162	-0.284641637346473	-2035576.560159929
0.4700734672576845	0.6392126019051195	24900	758134.8672311681	2724979.2482677554	-0.27821674888464104	-2039216.8447514614
0.47311011756296706	0.6392126019051195	25000	759402.8426955247	2726075.3182780882	-0.27857001514367463	-2039524.4015541815
0.4761467678682496	0.6392126019051195	25100	755168.5092397144	2725924.3693804634	-0.2770320841334809	-2040250.8902704886
0.47918341817353216	0.6392126019051195	25200	736159.7743526722	2722753.497764479	-0.2703732728493774	-2041522.0779815528
0.4822200684788147	0.6392126019051195	25300	739145.500092046	2723359.123384562	-0.2714094860810879	-2040869.4222105753
0.48525671878409726	0.6392126019051195	25400	742385.6862302799	2723604.057400198	-0.2725747467636394	-2039977.3760761302
0.4882933690893798	0.6392126019051195	25500	746176.6886364361	2724345.890518121	-0.2738920528532913	-2039207.1376654713
0.49133001939466237	0.6392126019051195	25600	749539.8684865071	2725802.4487418034	-0.27497952715996915	-2038919.8856686782
0.4943666696999449	0.6392126019051195	25700	751752.0084059755	2727650.050651703	-0.2756042727058639	-2039111.8822342742
0.49740332000522747	0.6392126019051195	25800	752942.4991060193	2729018.0803495334	-0.27590234910044353	-2039289.9526364494
0.5004399703105092	0.6392126019051195	25900	756359.1520897823	2730436.948931299	-0.2770102977055828	-2039102.5828495773
0.5034766206157862	0.6392126019051195	26000	759223.8287016838	2732279.7378731878	-0.2778719243779428	-2039271.4299600597
0.5065132709210632	0.6392126019051195	26100	757806.8242469958	2732834.1195166996	-0.2772970444254456	-2039743.2587763586
0.5095499212263402	0.6392126019051195	26200	753485.6507349308	2734078.9823347107	-0.2755903013787506	-2040784.7938749623
0.5125865715316172	0.6392126019051195	26300	752598.1045826048	2735315.424640037	-0.27514124981825283	-2040985.9948019404
0.5156232218368942	0.6392126019051195	26400	751439.9640562034	2737004.1087762937	-0.2745483507484283	-2041465.623172918
0.5186598721421712	0.6392126019051195	26500	749587.3852633804	2738158.3658691915	-0.27375603785628155	-2041828.763816867
0.5216965224474482	0.6392126019051195	26600	744353.3947627118	2738467.3875043034	-0.27181386134420127	-2042171.9014792896
0.5247331727527252	0.6392126019051195	26700	736370.8173246228	2737644.550393771	-0.2689797027224394	-2042783.582250837
0.5277698230580022	0.6392126019051195	26800	730416.65611743	2735556.8476630957	-0.26700839967606704	-2042807.0741185993
0.5308064733632792	0.6392126019051195	26900	722048.3133271956	2732362.4027037956	-0.26425788636701203	-2043042.740163898
0.5338431236685562	0.6392126019051195	27000	709016.6858345632	2725140.3070984725	-0.2601762133082504	-2043267.3889982917
0.5368797739738332	0.6392126019051195	27100	697184.7285725097	2717916.106571212	-0.25651444019441916	-2043621.4612165
0.5399164242791102	0.6392126019051195	27200	697921.6211964604	2715162.551100376	-0.25704598088008146	-2043195.5717599245
0.5429530745843872	0.6392126019051195	27300	695084.2094942706	2711757.8831874356	-0.2563223707410263	-2043403.208196994
0.5459897248896642	0.6392126019051195	27400	696640.0308585124	2709484.9753425973	-0.25711160504605735	-2042976.1758372907
0.5490263751949412	0.6392126019051195	27500	700812.775033921	2707902.394037628	-0.25880281969431385	-2042326.7540701923
0.5520630255002182	0.6392126019051195	27600	707177.269752217	2707364.505257769	-0.2612050458587535	-2041618.8638452
0.5550996758054952	0.6392126019051195	27700	714062.8337127061	2707415.4814309967	-0.2637433517722556	-2041054.760996918
0.5581363261107722	0.6392126019051195	27800	719226.9247241707	2706906.0371635184	-0.265700735396721	-2040800.1102318245
0.5611729764160492	0.6392126019051195	27900	723313.6584943351	2706113.6676818985	-0.2672887200314603	-2040531.3492945079
0.5642096267213262	0.6392126019051195	28000	728960.1697095383	2706206.61325925	-0.26936604401820124	-2040070.23815467
0.5672462770266032	0.6392126019051195	28100	733425.3158143078	2706968.7595297205	-0.27093970450613003	-2039903.524652267
0.5702829273318802	0.6392126019051195	28200	736298.8560503521	2707567.1314658225	-0.27194112659054726	-2039786.610853202
0.5733195776371572	0.6392126019051195	28300	738756.3226994075	2707464.3889875268	-0.2728591096910678	-2039270.0446872022
0.5763562279424342	0.6392126019051195	28400	739729.6571152743	2706855.2649353268	-0.27328009247400536	-2038871.6824145012
0.5793928782477112	0.6392126019051195	28500	736021.2509119699	2706396.7991867485	-0.27195614890364145	-2039265.818518104
0.5824295285529882	0.6392126019051195	28600	736185.0748365565	2706950.4412144497	-0.2719610465074763	-2039547.001748033
0.5854661788582652	0.6392126019051195	28700	728729.2473103439	2704183.473028308	-0.26948217625717125	-2039276.9695106596
0.5885028291635422	0.6392126019051195	28800	714694.4134891939	2700972.05343918	-0.2646063710948675	-2040783.2565970367
0.5915394794688192	0.6392126019051195	28900	719695.5628945336	2699810.850355722	-0.26657258703872083	-2040060.5571854596
0.5945761297740962	0.6392126019051195	29000	724637.0691395359	2699181.351383632	-0.26846549927743035	-2039506.022726534
0.5976127800793732	0.6392126019051195	29100	729691.0588259184	2698794.2756097736	-0.270376688368012	-2038868.9702692945
0.6006494303846502	0.6392126019051195	29200	732887.2169457368	2698364.788948972	-0.2716042026442246	-2038406.2077348295
0.6036860806899272	0.6392126019051195	29300	736974.3558604559	2698485.8126896196	-0.2731066260918759	-2038199.7277106121
0.6067227309952042	0.6392126019051195	29400	740367.9702716053	2697906.5500428844	-0.27442313384050937	-2037978.8336334478
0.6097593813004812	0.6392126019051195	29500	742573.9730598833	2697104.5773231233	-0.2753226475915473	-2037803.3919271172
0.6127960316057582	0.6392126019051195	29600	746034.760186095	2695861.1791904685	-0.27673337408646514	-2037229.4656338876
0.6158326819110352	0.6392126019051195	29700	751529.3889261994	2694932.1080536093	-0.278867651871566	-2036440.5988124693
0.6188693322163122	0.6392126019051195	29800	756119.1609202509	2693751.18160734	-0.2806937649189561	-2035741.0563396595
0.6219059825215892	0.6392126019051195	29900	758904.1891562073	2691482.9256861657	-0.2819650765433455	-2034956.265113942
0.6249426328268662	0.6392126019051195	30000	762345.5636137447	2688913.6160049057	-0.28351433793786623	-2033981.8406739507
0.6279792831321432	0.6392126019051195	30100	766011.4977100388	2688041.9494008124	-0.2849700682241173	-2033238.28229387
0.6310159334374202	0.6392126019051195	30200	771852.9633940225	2687767.4493293045	-0.2871725243888298	-2032258.1075356994
0.6340525837426972	0.6392126019051195	30300	777986.6240369573	2687414.1284627374	-0.2894926449173591	-2031200.71260856
0.6370892340479742	0.6392126019051195	30400	784119.0451132024	2687059.261219008	-0.29181308221593893	-2030142.276140249
0.6401258843532512	0.6392126019051195	30500	790277.5069036691	2686973.0406974033	-0.29411441608604777	-2029027.2983695322
0.6431625346585282	0.6392126019051195	30600	795863.7320574196	2687028.81940518	-0.29618727060530664	-2028008.8436561876
0.6461991849638052	0.6392126019051195	30700	801877.1449595841	2687654.7999508427	-0.2983557058645517	-2027095.38970535
0.6492358352690822	0.6392126019051195	30800	809087.245041779	2688351.5473969383	-0.3009603583375089	-2026109.3986166352
0.6522724855743592	0.6392126019051195	30900	816050.3968354916	2688804.264231382	-0.30349936873101724	-2025073.1036800554
0.6553091358796362	0.6392126019051195	31000	822802.5596607022	2689469.9780978533	-0.30593483710966546	-2024095.2503633415
0.6583457861849132	0.6392126019051195	31100	829621.0546364055	2689953.2407211396	-0.3084146750498888	-2023017.5564703627
0.6613824364901902	0.6392126019051195	31200	835985.7566612554	2690313.000751091	-0.3107392174917424	-2021964.0418740492
0.6644190867954672	0.6392126019051195	31300	842107.534085823	2690692.1065877886	-0.31297060411484423	-2020897.557538461
0.6674557371007442	0.6392126019051195	31400	846966.2060813329	2691911.1485664644	-0.3146337896525194	-2020130.3675001666
0.6704923874060212	0.6392126019051195	31500	851506.4511029092	2692847.972754842	-0.3162103689915326	-2019295.8825075312
0.6735290377112982	0.6392126019051195	31600	855584.5496423903	2694007.929095933	-0.31758798495055324	-2018635.0895338154
0.6765656880165752	0.6392126019051195	31700	858219.1194079178	2695305.356549599	-0.31841257515496085	-2018130.4311943243
0.6796023383218522	0.6392126019051195	31800	859728.836009929	2696406.757170563	-0.3188424126751831	-2017773.5050824042
0.6826389886271292	0.6392126019051195	31900	858937.8027314716	2697673.2685557567	-0.31839949364635917	-2017759.9186213668
0.6856756389324062	0.6392126019051195	32000	840306.1178883935	2694425.697628712	-0.31186835793168216	-2019629.9407704917
0.6887122892376832	0.6392126019051195	32100	838298.7181999087	2696058.0177374375	-0.3109349697538848	-2020760.3377861239
0.6917489395429602	0.6392126019051195	32200	823347.5781045456	2697066.6086833673	-0.3052752110213848	-2024406.0059923613
0.6947855898482372	0.6392126019051195	32300	820251.5373039708	2697627.7154157315	-0.3040640235925074	-2024913.2339623757
0.6978222401535142	0.6392126019051195	32400	801549.5604428668	2694427.3000092823	-0.29748420394942754	-2026300.3095241606
0.7008588904587912	0.6392126019051195	32500	795178.0473826048	2694249.3670333056	-0.29513899385571424	-2026723.3638858355
0.7038955407640682	0.6392126019051195	32600	796880.3533193137	2694930.0437109773	-0.2956961184127779	-2026545.8347375274
0.7069321910693452	0.6392126019051195	32700	796889.1740993476	2695510.4230147866	-0.2956357234961343	-2026685.6714843384
0.7099688413746222	0.6392126019051195	32800	800427.0059728264	2696639.145657578	-0.2968239214585908	-2026640.9598854913
0.7130054916798992	0.6392126019051195	32900	803947.4024759438	2698431.4230879797	-0.29793138176397965	-2026692.8373641232
0.7160421419851762	0.6392126019051195	33000	807304.4285321906	2700047.980767413	-0.2989963268366575	-2026524.7697726625
0.7190787922904532	0.6392126019051195	33100	811989.2116231617	2701785.464990924	-0.30053800427336647	-2026265.7026491547
0.7221154425957302	0.6392126019051195	33200	816549.8305265168	2703884.055062866	-0.3019914367250972	-2026134.435606787
0.7251520929010072	0.6392126019051195	33300	820700.150379199	2705653.6253298847	-0.3033278697228422	-2025908.4463424573
0.7281887432062842	0.6392126019051195	33400	823583.0143813015	2708093.8496988183	-0.3041190815720425	-2026340.7842257686
0.7312253935115612	0.6392126019051195	33500	824964.8647338793	2710834.4458992532	-0.30432137454274427	-2027024.3838595191
0.7342620438168382	0.6392126019051195	33600	823971.5665043003	2714461.328778715	-0.303548832237378	-2027957.4110031903
0.7372986941221152	0.6392126019051195	33700	812531.750266605	2720522.4855592386	-0.2986675370556912	-2030283.943067792
0.7403353444273922	0.6392126019051195	33800	811701.7786331663	2723437.863284201	-0.29804306886382675	-2030645.662042603
0.7433719947326692	0.6392126019051195	33900	813212.0665888668	2725108.3160399934	-0.298414584771658	-2030688.2255074831
0.7464086450379462	0.6392126019051195	34000	816456.8333208786	2726554.046267088	-0.2994464145827902	-2030331.4930487599
0.7494452953432232	0.6392126019051195	34100	819858.2758729989	2727850.3993158694	-0.30055104051109804	-2030039.7452742103
0.7524819456485002	0.6392126019051195	34200	823889.7597869574	2728836.8639910244	-0.3019197558706343	-2029612.318658224
0.7555185959537772	0.6392126019051195	34300	827333.6648370498	2729428.1697407966	-0.3031161156791382	-2029175.9607335806
0.7585552462590542	0.6392126019051195	34400	830670.9068424624	2729667.6114120027	-0.30431210868665903	-2028457.752656564
0.7615918965643312	0.6392126019051195	34500	832352.9668829087	2729655.840065638	-0.30492963789269995	-2027792.4618056205
0.7646285468696082	0.6392126019051195	34600	831971.7855124031	2728947.1844927114	-0.3048691415649584	-2027053.0522239178
0.7676651971748852	0.6392126019051195	34700	830835.3661485548	2728117.2555623963	-0.3045453286344467	-2026024.5958563248
0.7707018474801622	0.6392126019051195	34800	832700.1290022177	2728169.2742311754	-0.3052230434773446	-2024884.7152540416
0.7737384977854392	0.6392126019051195	34900	833551.0360937557	2728156.2851843643	-0.30553639489807516	-2023661.4565301177
0.7767751480907162	0.6392126019051195	35000	833256.7901537669	2727066.782390524	-0.3055505628004243	-2022181.3792017326
0.7798117983959932	0.6392126019051195	35100	829122.8645907411	2727294.2535530943	-0.3040093174803442	-2021681.5301638152
0.7828484487012702	0.6392126019051195	35200	829787.351849752	2727513.543978488	-0.30422849913309047	-2020705.3775266176
0.7858850990065472	0.6392126019051195	35300	831212.4453614476	2727590.7451212835	-0.3047423616787816	-2019504.757610114
0.7889217493118242	0.6392126019051195	35400	831009.2015154418	2726305.5295058517	-0.3048114719798349	-2018071.7137159992
0.7919583996171012	0.6392126019051195	35500	833237.9162140954	2726564.9537141514	-0.30559987763322904	-2017032.075221785
0.7949950499223782	0.6392126019051195	35600	835079.1437873829	2727062.6516402625	-0.3062192734314714	-2016090.7355943408
0.7980317002276552	0.6392126019051195	35700	832365.1045515938	2727468.0559009486	-0.3051786812867524	-2015396.8881213206
0.8010683505329322	0.6392126019051195	35800	793662.1757260911	2728133.8465244235	-0.2909176090231781	-2018326.9892238441
0.8041050008382092	0.6392126019051195	35900	789758.2363320228	2728102.295602036	-0.2894899643628427	-2017932.6075578711
0.8071416511434862	0.6392126019051195	36000	789984.4117295325	2728067.687954348	-0.28957654357979123	-2017677.4560858142
0.8101783014487632	0.6392126019051195	36100	790266.8869345426	2728591.4616947374	-0.28962448135922303	-2017505.7897722877
0.8132149517540402	0.6392126019051195	36200	792341.2562424357	2728719.71031888	-0.290371067884375	-2017183.6732212205
0.8162516020593172	0.6392126019051195	36300	795745.8602878139	2728938.41749249	-0.2915953893232198	-2016887.3396772007
0.8192882523645942	0.6392126019051195	36400	799225.925177465	2729829.357154425	-0.2927750495036724	-2016761.9428538557
0.8223249026698712	0.6392126019051195	36500	799622.5092626936	2730801.430581912	-0.2928160576993328	-2017278.2911790933
0.8253615529751482	0.6392126019051195	36600	799608.2085480986	2732692.016195246	-0.29260824264470203	-2017780.2624882504
0.8283982032804252	0.6392126019051195	36700	799859.3463756288	2733902.52783387	-0.2925705427432977	-2018561.326663458
0.8314348535857022	0.6392126019051195	36800	800864.0207497461	2734849.0877250694	-0.2928366410944924	-2019106.0156681587
0.8344715038909792	0.6392126019051195	36900	801418.3207012606	2735414.8971937355	-0.2929787073702919	-2019433.873160708
0.8375081541962562	0.6392126019051195	37000	802933.3010235054	2736354.5002848604	-0.29343175416047823	-2019518.2215474974
0.8405448045015332	0.6392126019051195	37100	805090.0822387919	2736511.5543138357	-0.2942030633744806	-2019294.5653947552
0.8435814548068102	0.6392126019051195	37200	807354.4113165843	2736227.058966003	-0.29506118970319545	-2018893.25548581
0.8466181051120872	0.6392126019051195	37300	810545.3933586915	2736117.8238843097	-0.29623921392683544	-2018239.910933244
0.8496547554173642	0.6392126019051195	37400	814191.3886307355	2736223.979885959	-0.29756021240069297	-2017548.1625266767
0.8526914057226412	0.6392126019051195	37500	817194.5895012713	2736230.561014883	-0.29865706536008035	-2016809.2107860602
0.8557280560279182	0.6392126019051195	37600	815022.47211375	2735952.5649483996	-0.29789349514147057	-2016845.988675697
0.8587647063331952	0.6392126019051195	37700	815814.041592486	2735782.147495919	-0.29820139090358727	-2016354.0486091059
0.8618013566384722	0.6392126019051195	37800	819925.5022338168	2736083.291341638	-0.29967125080894974	-2015598.4778221094
0.8648380069437492	0.6392126019051195	37900	824538.6510248878	2736535.0400448535	-0.30130754364883744	-2014921.9206080853
0.8678746572490262	0.6392126019051195	38000	829261.6608111641	2736913.149747083	-0.3029915877629496	-2014209.8142455725
0.8709113075543032	0.6392126019051195	38100	834023.2109523051	2737271.7756279353	-0.30469141514491327	-2013477.5943641693
0.8739479578595802	0.6392126019051195	38200	838827.8604650586	2737621.3156336183	-0.3064075574203049	-2012722.91829953
0.8769846081648572	0.6392126019051195	38300	842657.5216387364	2738426.2108206837	-0.30771598603206435	-2012173.2821228849
0.8800212584701342	0.6392126019051195	38400	844721.8888140637	2739487.2609008644	-0.30835036208063327	-2012015.4242628003
0.8830579087754112	0.6392126019051195	38500	846482.1551730407	2740446.953546979	-0.30888470732025414	-2011914.9858893491
0.8860945590806882	0.6392126019051195	38600	846590.990454956	2740860.2826314718	-0.3088778351161164	-2011928.1407696304
0.8891312093859652	0.6392126019051195	38700	844052.1621987089	2740881.593122984	-0.307949151950409	-2012088.9056147963
0.8921678596912422	0.6392126019051195	38800	835848.2811528486	2738507.608213273	-0.30522036113611317	-2012418.1023616008
0.8952045099965192	0.6392126019051195	38900	832447.365412107	2737766.960057478	-0.3040607098986359	-2012790.494657864
0.8982411603017962	0.6392126019051195	39000	830973.5728447647	2737582.774571098	-0.303542811769392	-2013074.9548071383
0.9012778106070732	0.6392126019051195	39100	829519.5028842232	2737598.6136250766	-0.3030099075721656	-2013439.0238220326
0.9043144609123502	0.6392126019051195	39200	830752.1785299034	2737737.6198814176	-0.30344477589707325	-2013309.75312913
0.9073511112176272	0.6392126019051195	39300	831637.3973768961	2737678.2082084483	-0.30377470766409914	-2013034.841807441
0.9103877615229042	0.6392126019051195	39400	831395.1704834963	2737119.341374463	-0.30374823556871494	-2013037.4997025619
0.9134244118281812	0.6392126019051195	39500	832440.5785252611	2736635.8085228796	-0.3041839092848008	-2012810.9246077512
0.9164610621334582	0.6392126019051195	39600	833185.5017509516	2736147.5475325594	-0.3045104429775043	-2012777.107908244
0.9194977124387352	0.6392126019051195	39700	834119.6620484989	2735348.439249874	-0.3049409172446209	-2012603.4320042226
0.9225343627440122	0.6392126019051195	39800	836379.5471728316	2735249.4976603836	-0.3057781558458324	-2012536.8724272754
0.9255710130492892	0.6392126019051195	39900	839020.9035249208	2735879.3511777176	-0.3066732102655574	-2012632.7005312077
0.9286076633545662	0.6392126019051195	40000	841312.5082522887	2736569.6669860743	-0.3074332506136669	-2012826.2109575747
0.9316443136598432	0.6392126019051195	40100	842850.0013849094	2736895.0428236583	-0.30795846687468875	-2013103.1326318951
0.9346809639651202	0.6392126019051195	40200	844036.3223651632	2736782.0045402953	-0.30840465954720364	-2013220.951167588
0.9377176142703972	0.6392126019051195	40300	844263.3749232966	2736561.6970532583	-0.30851245774301495	-2013489.5712198745
0.9407542645756742	0.6392126019051195	40400	842312.5726348493	2735766.2641357123	-0.307889085291047	-2013966.1845422033
0.9437909148809512	0.6392126019051195	40500	838589.475215808	2734756.9189231414	-0.3066413213595662	-2014706.6878165489
0.9468275651862282	0.6392126019051195	40600	835775.0346910256	2733706.389540523	-0.3057296269595	-2015805.6387771263
0.9498642154915052	0.6392126019051195	40700	834194.810417881	2732235.455383569	-0.3053158573043886	-2016766.0276849978
0.9529008657967822	0.6392126019051195	40800	832926.2233548588	2729842.164491232	-0.3051188212231653	-2017271.8265740268
0.9559375161020592	0.6392126019051195	40900	834472.7854756182	2728734.8937242585	-0.30580940178351473	-2017519.0231300192
0.9589741664073362	0.6392126019051195	41000	837759.699896145	2728622.3157642614	-0.30702662477547626	-2017605.3050123544
0.9620108167126132	0.6392126019051195	41100	840690.3588904957	2728794.3195833387	-0.30808124777204215	-2017743.4678145733
0.9650474670178902	0.6392126019051195	41200	843798.966085624	2729100.8542890362	-0.3091857029612941	-2017696.0671566278
0.9680841173231672	0.6392126019051195	41300	846636.0776464695	2729431.0852085543	-0.31018774653611686	-2017570.196418904
0.9711207676284442	0.6392126019051195	41400	847447.4964167022	2730542.588769428	-0.3103586444328711	-2017800.715364392
0.9741574179337212	0.6392126019051195	41500	839333.0069388349	2732611.7642881963	-0.30715413653262535	-2019398.580737004
0.9771940682389982	0.6392126019051195	41600	837912.6408343334	2735067.6262386297	-0.3063590211795469	-2019879.462616004
0.9802307185442752	0.6392126019051195	41700	836879.6384165373	2736543.5254843375	-0.3058163082819664	-2020217.6465516344
0.9832673688495522	0.6392126019051195	41800	832296.8665887027	2737488.4322533174	-0.30403666981109817	-2020983.1769330448
0.9863040191548292	0.6392126019051195	41900	827267.200011231	2738107.6258477005	-0.30213100179183583	-2021960.4687104437
0.9893406694601062	0.6392126019051195	42000	823640.8323738952	2738445.44845568	-0.30076948687744703	-2022944.674245021
0.9923773197653832	0.6392126019051195	42100	818183.9170533663	2738459.291091904	-0.29877527108578356	-2023876.2039500512
0.9954139700706602	0.6392126019051195	42200	815829.0967800058	2738048.645871795	-0.29796004465079395	-2023925.7487447094
0.9984506203759372	0.6392126019051195	42300	812391.4154869937	2737047.9812631696	-0.2968129974513887	-2023743.7865515435
1.0014872706812143	0.6392126019051195	42400	811296.833380375	2735639.303990401	-0.29656571763571277	-2023072.5571341214
