# exz		ezz		i		sxz		szz		tanPhi		tens_media
0.0	0.996499697723129	100	0.08592637383883014	0.460882112110544	0.1864389430202499	-0.3825097634113956
0.0	0.9930116475622875	200	0.9855605110579315	1.967040436990853	0.5010372397659635	-0.849816044012635
0.0	0.989535806631366	300	0.23824930648086498	0.03362423075443328	7.0856433332516415	-0.5780788518305655
0.0	0.9860721321943692	400	0.5822181576753028	0.3473965896263247	-1.6759466703503414	-0.5558466026726098
0.0	0.9826205816648909	500	0.0	0.0	0	0.0
0.0	0.9791811126055892	600	0.21355697238941485	0.11247462219457734	1.8987125115207626	-0.5414372291939892
0.0	0.975753682727667	700	0.4129429512859159	0.8775222345648659	0.47057833410988226	-0.35733288067819063
0.0	0.9723382498903513	800	0.04013209310091611	0.0022370955761113784	-17.939373502617865	-0.24112479855615787
0.0	0.968934772100372	900	0.2594249150436476	0.7769593420775948	-0.3338976713375292	-0.4254809592481201
0.0	0.9655432075114501	1000	0.0	0.0	0	0.0
0.0	0.9621635144237813	1100	0.01218693222502744	1.1876849533789788	0.010261081602789917	-1.0825797595344886
0.0	0.9587956512835221	1200	1.4628549323239137	0.9721521261542309	1.504759278890713	-1.8775821436185136
0.0	0.9554395766822811	1300	0.06611920672757567	1.1271385967713776	0.05866111489480553	-0.5376936796292425
0.0	0.9520952493566083	1400	0.3532814383720451	0.9502695276947717	-0.3717697222482333	-0.5324924272951105
0.0	0.9487626281874877	1500	0.8951025245055575	1.3560811089743923	0.6600656248227851	-0.9452547545682902
0.0	0.9454416721998333	1600	0.25137320688379766	0.2614647844483773	-0.9614036835366941	-1.1619617492507472
0.0	0.9421323405619837	1700	0.20659924390965978	1.7514119665566479	0.11796153495276322	-1.074538615339133
0.0	0.9388345925852011	1800	1.2842048868894904	2.9858291630961036	-0.43009992090701415	-1.4440563288305126
0.0	0.9355483877231706	1900	0.6702048637702592	0.3853960293679186	-1.739003032463647	-1.0539354975297197
0.0	0.9322736855715008	2000	0.07901647274206598	0.05893027269403018	-1.3408468878521005	-0.22930602808250924
0.0	0.9290104458672281	2100	0.031730527966646806	1.2588387715909721	-0.025206188975689447	-1.3769822212878193
0.0	0.9257586284883228	2200	0.011128505188017293	0.006868275884859738	-1.6202763800663136	-0.014414701503752453
0.0	0.9225181934531927	2300	0.3094795093049366	1.1339970804539625	0.27291032282115363	-1.9360753319117556
0.0	0.9192891009201939	2400	0.12587683945971656	1.3422358660191491	0.09378146020866404	-2.4893538560483286
0.0	0.9160713111871412	2500	0.30372917338616806	1.9297551730853462	-0.15739259447122372	-1.6768250528834958
0.0	0.9128647846908169	2600	0.4054922586565185	4.340578005608433	-0.09341895437257079	-2.29533696030672
0.0	0.9096694820064883	2700	0.032702074430317474	0.7338808055605024	-0.04456047110448845	-0.460059334648921
0.0	0.9064853638474217	2800	1.3510153530232147	1.553788732330193	0.8694974579955396	-2.303478295229677
0.0	0.9033123910643964	2900	0.021800237652521808	1.4573200596491866	0.01495912823554331	-1.8114014777137584
0.0	0.9001505246452286	3000	1.9357668785601287	2.6247584447045567	0.7375028671554646	-2.6535980426191137
0.0	0.8969997257142871	3100	1.995453532569777	7.896034111149625	-0.25271592099027146	-4.7354692380332795
0.0	0.8938599555320169	3200	0.14412872185616205	2.939932372156813	-0.04902450247534958	-5.353180846317636
0.0	0.8907311754944659	3300	0.8326442998301368	2.153388648465191	0.3866669866694044	-1.8206211645314763
0.0	0.8876133471328032	3400	0.8367451721873175	0.2890826815339932	-2.89448391632179	-1.0313448976184247
0.0	0.8845064321128533	3500	1.1356651557710198	0.5733390963199021	1.9807914078431528	-5.1675624671249745
0.0	0.8814103922346226	3600	1.5346419975254173	5.826684122617504	-0.263381704796452	-5.741287150102672
0.0	0.878325189431826	3700	0.5727670405952718	0.9342698814632855	0.613063796617509	-3.465425745210291
0.0	0.8752507857714251	3800	1.560759951128449	6.660645045087227	-0.2343256457240035	-3.770388738601298
0.0	0.8721871434531565	3900	0.1537854953540303	5.373572899608337	-0.028618853456931652	-5.166624993128211
0.0	0.8691342248090703	4000	0.23803187672596243	2.2559381655658512	-0.1055134756613586	-6.559487992143109
0.0	0.8660919923030648	4100	2.5346433166730096	6.5350600637985465	-0.3878531018733639	-5.753285727550338
0.0	0.863060408530427	4200	0.8058582041702613	6.377500339083498	-0.12635957057213895	-7.235379853691481
0.0	0.8600394362173708	4300	0.46850307819253595	9.418990967212006	-0.049740261968975165	-10.510761973113881
0.0	0.8570290382205811	4400	0.27814932390094815	5.031787824780149	-0.055278428579826136	-6.603917514627099
0.0	0.8540291775267539	4500	0.6699436279637181	1.967856869239901	0.34044327025800847	-5.409457450500878
0.0	0.8510398172521433	4600	4.458630010196419	10.703203650201079	0.41656966978411697	-13.359646760615172
0.0	0.8480609206421085	4700	0.642342457629497	4.915302199706016	0.1306821903377407	-5.59980760140224
0.0	0.8450924510706604	4800	3.231940396241177	12.036640664027843	0.2685085055251344	-10.966194514072058
0.0	0.8421343720400117	4900	5.026737612538634	7.064497685120487	-0.7115491909815668	-9.231520085563803
0.0	0.8391866471801288	5000	0.6591282882356115	12.136119142488432	0.05431129016589908	-9.520871065633376
0.0	0.8362492402482851	5100	1.5424936465544095	11.863055729198956	-0.13002498527911452	-14.452540571740002
0.0	0.8333221151286122	5200	0.4420439691172128	20.209881612655575	-0.021872664946260823	-21.519291384352616
0.0	0.8304052358316608	5300	1.785154823918096	8.142838801899822	-0.2192300335727631	-15.978804630080807
0.0	0.8274985664939538	5400	0.853020783476863	14.870276352955656	0.05736415136005958	-23.161682995039627
0.0	0.8246020713775474	5500	0.7424286991473154	13.965627927073173	0.0531611398373341	-21.847859359841323
0.0	0.821715714869592	5600	2.6631447651235045	30.053051183693228	-0.08861478819057567	-25.358170273781727
0.0	0.8188394614818941	5700	6.077658198518341	40.55396762940221	0.14986593307116888	-48.142456560930384
0.0	0.8159732758504775	5800	12.024246683214226	37.023069645264826	0.324777140264816	-40.903227717905175
0.0	0.8131171227351521	5900	0.42664195018987217	47.95632790608194	-0.008896468283088965	-51.55920145806713
0.0	0.8102709670190802	6000	10.392665651056252	53.1680698610263	0.19546817626107527	-51.52375267932558
0.0	0.8074347737083409	6100	6.998931315543251	140.3576533282884	0.049864978143893283	-139.28389799162028
0.0	0.804608507931505	6200	1.6589192552579162	73.31802281562003	-0.022626350132623763	-70.81615725915383
0.0	0.8017921349392026	6300	1.8334635358256899	93.09345145450787	-0.019694871198557413	-99.64413288577242
0.0	0.7989856201036987	6400	0.20714327910775834	116.18394300781202	0.0017828907656700062	-121.2800208384662
0.0	0.7961889289184622	6500	8.093963783690688	197.20749758076374	-0.041042880635792825	-212.18938163985445
0.0	0.7934020269977498	6600	10.008554416921088	249.30234439746542	0.04014625069455561	-274.7296198345941
0.0	0.7906248800761759	6700	28.342132585738106	284.1800233515197	0.09973302222823728	-315.10456301646354
0.0	0.7878574540082948	6800	18.153626191259804	357.80108588989907	0.05073664364687243	-364.59855999302516
0.0	0.78509971476818	6900	24.62161116659154	290.60783012448206	0.08472452774601721	-296.0187479286514
0.0	0.7823516284490066	7000	22.35316262508767	307.7674216065927	0.07263004806811835	-343.4596111185874
0.0	0.7796131612626324	7100	7.310118824233235	384.12476532450376	0.019030584549938452	-407.396375669885
0.0	0.7768842795391866	7200	5.183116512652717	536.015082586773	0.009669721395971439	-552.2443057915484
0.0	0.7741649497266511	7300	17.106932575809637	526.1337223430346	0.032514419527467704	-600.8513805836791
0.0	0.77145513839045	7400	21.860943802235404	695.2282771545734	0.031444267330016776	-760.3363782880091
0.0	0.7687548122130381	7500	42.47884467738131	1156.8345974526783	0.03671989476362368	-1252.705568853145
0.0	0.7660639379934943	7600	34.73970988107386	1292.8167264672886	0.026871333863387213	-1365.0331487153082
0.0	0.7633824826471074	7700	159.87304975375096	1645.37937024718	0.09716485610837199	-1834.2759417539426
0.0	0.760710413204975	7800	38.87785100661826	1879.4525514669801	-0.020685731585121794	-2071.769662166306
0.0	0.7580476968135944	7900	3.193703378949403	3214.769092019204	0.000993447208036777	-3346.7795410987333
0.0	0.7553943007344612	8000	95.46464344982493	3716.7036120958023	0.025685298967380834	-3826.362023289544
0.0	0.7527501923436656	8100	96.5270811196983	5167.395192526842	0.018680026884589182	-5406.591796323122
0.0	0.7501153391314902	8200	644.2221239099457	7794.771889602526	0.08264797649425455	-8071.676252252585
0.0	0.7474897087020131	8300	615.4269439883075	10084.729936125948	0.06102562467079053	-10059.805578033882
0.0	0.7448732687727067	8400	506.12971589566115	10579.707912311089	0.04783966817332478	-10920.570825906776
0.0	0.7422659871740415	8500	1202.0301513458762	15687.42101357963	0.07662382174261487	-15971.868133847698
0.0	0.7396678318490928	8600	1342.3554266729377	19946.113131468966	0.06729909821653947	-20741.19873778831
0.0	0.7370787708531433	8700	1025.6003534353094	25337.892863399433	0.04047693937946941	-25845.64736744516
0.0	0.7344987723532935	8800	646.5769307291206	29138.98902773535	-0.022189408497106388	-29931.731168981292
0.0	0.7319278046280665	8900	262.2330586609975	38813.14527350229	-0.006756294982360624	-39829.588998214844
0.0	0.729365836067022	9000	428.24162367889875	49597.78939504232	-0.0086342885217724	-50390.46299975263
0.0008675178012644515	0.7276798512543611	9100	2234.5750862334667	55163.50629880649	-0.04050821342155717	-56424.396333601704
0.0034190407461598973	0.7276798512543611	9200	6911.9527579049	55300.69883620986	-0.12498852461841013	-56412.35089126652
0.005970563691055378	0.7276798512543611	9300	11215.367489393055	55687.98629155522	-0.2013965351642425	-56636.487056740596
0.008522086635950867	0.7276798512543611	9400	15108.722128994725	56176.90687805662	-0.26894898577793314	-56940.222529845276
0.011073609580846355	0.7276798512543611	9500	18576.3948846825	56722.41082776652	-0.3274965681745858	-57281.886881885446
0.013625132525741844	0.7276798512543611	9600	21633.871456220866	57470.63701048338	-0.37643347249264997	-57682.67205631594
0.016176655470637295	0.7276798512543611	9700	23895.052054332195	58350.03328144457	-0.4095122266525059	-58164.82579914269
0.01872817841553261	0.7276798512543611	9800	26056.042812477197	59400.40868651754	-0.43865090137656393	-58781.98051440744
0.021279701360427925	0.7276798512543611	9900	28095.051774190673	60623.262060311965	-0.46343681978445644	-59561.34480071129
0.02383122430532324	0.7276798512543611	10000	30010.400822946387	61978.301303056345	-0.4842081856391001	-60420.50903390758
0.026382747250218556	0.7276798512543611	10100	31733.725166344968	63481.94774613874	-0.4998858146767426	-61388.18930261419
0.02893427019511387	0.7276798512543611	10200	33495.99702074812	65117.9592245897	-0.5143895389169296	-62499.015220374895
0.03148579314000922	0.7276798512543611	10300	35106.56671780893	66725.28748041681	-0.5261358630805801	-63619.33979800413
0.03403731608490488	0.7276798512543611	10400	36676.07009322007	68494.96038024075	-0.5354564757701544	-64827.5000827485
0.03658883902980054	0.7276798512543611	10500	38120.04623085796	70309.48609704888	-0.5421750086217453	-66084.24510735708
0.039140361974696204	0.7276798512543611	10600	39427.15168018449	72235.45596833975	-0.5458143947684793	-67405.05126004017
0.041691884919591866	0.7276798512543611	10700	40706.47301571141	74132.10799013646	-0.5491071833695537	-68733.5074122842
0.04424340786448753	0.7276798512543611	10800	41837.007393262604	76058.46220651094	-0.5500638085433335	-70034.40734499297
0.04679493080938319	0.7276798512543611	10900	43031.97812274306	77999.87947284873	-0.5516928797014644	-71395.62826329881
0.04934645375427885	0.7276798512543611	11000	44136.052748608854	79830.02142694901	-0.552875371441519	-72728.80868676829
0.051897976699174515	0.7276798512543611	11100	45303.39555570873	81722.59672718191	-0.5543558008435173	-74092.03948061801
0.05444949964407018	0.7276798512543611	11200	46313.82116131006	83512.5823654968	-0.5545729739096729	-75406.73254728073
0.05700102258896584	0.7276798512543611	11300	47397.30551089234	85297.5061839731	-0.5556704718736316	-76744.85351948817
0.0595525455338615	0.7276798512543611	11400	48411.575180666914	87003.1496857047	-0.556434742369118	-78058.42923063198
0.062104068478757164	0.7276798512543611	11500	49358.1605593727	88581.06153199925	-0.5572089530846549	-79315.73622009253
0.06465559142365224	0.7276798512543611	11600	50405.466236614775	90224.73723356532	-0.5586657028008831	-80604.08252527803
0.0672071143685472	0.7276798512543611	11700	51323.14594607983	91806.71802806057	-0.5590347531037216	-81871.06293941192
0.06975863731344217	0.7276798512543611	11800	52209.42815716687	93496.60083532364	-0.558409906784994	-83164.68503146968
0.07231016025833714	0.7276798512543611	11900	53215.45103706701	95278.0235889292	-0.5585280742877454	-84542.34741323972
0.07486168320323211	0.7276798512543611	12000	54262.771453411515	97100.31519263216	-0.5588320835597957	-85975.99209483604
0.07741320614812708	0.7276798512543611	12100	55476.49130647683	99056.47854464744	-0.5600490964502849	-87454.7940923898
0.07996472909302205	0.7276798512543611	12200	56612.79115428308	100958.74032715693	-0.5607517583007599	-88935.0405114427
0.08251625203791702	0.7276798512543611	12300	57703.251831192465	102941.64220430181	-0.56054333888197	-90427.08480649597
0.08506777498281198	0.7276798512543611	12400	58825.77154067565	104975.95478230507	-0.5603737699996745	-91907.23299956978
0.08761929792770695	0.7276798512543611	12500	59877.9738581657	106954.35253456916	-0.5598460692734528	-93332.0760729473
0.09017082087260192	0.7276798512543611	12600	60877.35315532646	108874.758803231	-0.5591502918077633	-94720.75348561688
0.09272234381749689	0.7276798512543611	12700	61696.11735667226	110703.43663754874	-0.5573098652634418	-96072.0057336313
0.09527386676239186	0.7276798512543611	12800	62445.33520401293	112310.03945383952	-0.5560084878224849	-97284.89733861217
0.09782538970728683	0.7276798512543611	12900	63195.70068423191	114009.29176028556	-0.5543030722189413	-98506.7201116394
0.1003769126521818	0.7276798512543611	13000	64005.2929281603	115940.1722614085	-0.5520544922414689	-99853.4132745046
0.10292843559707676	0.7276798512543611	13100	64329.09032358412	117656.25456532958	-0.54675453133573	-100931.55759694427
0.10547995854197173	0.7276798512543611	13200	64900.008334392915	119433.2109534369	-0.5434000125785391	-102140.18212124844
0.1080314814868667	0.7276798512543611	13300	65618.40321317884	121151.96970613959	-0.5416206056933263	-103371.11288983563
0.11058300443176167	0.7276798512543611	13400	66058.54176994298	122686.7096267272	-0.5384327444343832	-104478.90566651954
0.11313452737665664	0.7276798512543611	13500	66470.1519800059	124148.27952589322	-0.5354093688116107	-105529.8216350923
0.1156860503215516	0.7276798512543611	13600	66980.71512848724	125640.04228849667	-0.5331159868180007	-106570.15601549299
0.11823757326644657	0.7276798512543611	13700	67567.95845218987	127123.96502001103	-0.5315123583625931	-107682.41676470911
0.12078909621134154	0.7276798512543611	13800	68001.51353441285	128408.75578475233	-0.5295706910236068	-108742.37392812823
0.12334061915623651	0.7276798512543611	13900	68243.76161538738	129376.65330701525	-0.5274812717055107	-109733.76650611479
0.12589214210113195	0.7276798512543611	14000	68946.9470207731	130912.99870355638	-0.5266623460127042	-110934.72629670419
0.1284436650460283	0.7276798512543611	14100	69388.47878948569	132261.00102518764	-0.5246329473664835	-112081.37238207455
0.13099518799092466	0.7276798512543611	14200	69716.17068622586	133400.32078196565	-0.5226087184615733	-113183.58721476188
0.13354671093582102	0.7276798512543611	14300	70403.16226019614	134694.59624304879	-0.5226873551271323	-114347.198400744
0.13609823388071737	0.7276798512543611	14400	71073.77491798472	136172.20440254247	-0.5219404006112843	-115529.16650330888
0.13864975682561373	0.7276798512543611	14500	71565.45555097402	137431.02200799095	-0.5207372724537611	-116623.59328357823
0.14120127977051009	0.7276798512543611	14600	72240.04541565309	138785.8794239145	-0.5205143759258065	-117792.94279977043
0.14375280271540644	0.7276798512543611	14700	72805.20563153768	140139.3261929122	-0.519520163321721	-118877.22285809791
0.1463043256603028	0.7276798512543611	14800	73386.25331935214	141519.97084529177	-0.5185575779942554	-120035.06181415303
0.14885584860519915	0.7276798512543611	14900	74067.0890944926	142894.7646000444	-0.5183331194939356	-121209.99348811842
0.1514073715500955	0.7276798512543611	15000	74802.31569260762	144190.40567973827	-0.5187745699166092	-122414.17055622429
0.15395889449499187	0.7276798512543611	15100	75525.05284025277	145506.6149137958	-0.5190489304214586	-123604.18779341869
0.15651041743988822	0.7276798512543611	15200	76311.08007687776	146877.44269057515	-0.5195561597408892	-124813.8916845998
0.15906194038478458	0.7276798512543611	15300	77050.17170953767	148161.2625156138	-0.5200426238364284	-126035.2018118655
0.16161346332968093	0.7276798512543611	15400	77561.09026307736	149350.6695759288	-0.5193220123037069	-127174.04030911409
0.1641649862745773	0.7276798512543611	15500	78246.19453268415	150884.55023840125	-0.518583210865879	-128449.82931951447
0.16671650921947365	0.7276798512543611	15600	79078.13788838344	152484.98296225793	-0.5185962338859056	-129751.54658442205
0.16926803216437	0.7276798512543611	15700	80025.99366100991	154283.56368384697	-0.518694226074507	-131160.03861752222
0.17181955510926636	0.7276798512543611	15800	80935.56622230104	156040.54716787307	-0.518682917301156	-132568.63590851432
0.17437107805416271	0.7276798512543611	15900	81681.56417583089	157848.10352230736	-0.5174694047831085	-133913.00225191808
0.17692260099905907	0.7276798512543611	16000	82532.8731248781	159714.69210512514	-0.5167519157884015	-135295.02908825755
0.17947412394395543	0.7276798512543611	16100	83269.42487355789	161381.96457147808	-0.515977266075955	-136642.79231147177
0.18202564688885178	0.7276798512543611	16200	83990.45157316222	163117.9326619186	-0.5149063024679357	-137994.0783467937
0.18457716983374814	0.7276798512543611	16300	84835.43103579449	164860.5954290072	-0.514588891390524	-139317.72940045904
0.1871286927786445	0.7276798512543611	16400	85546.13193999756	166453.97648143876	-0.5139326422131874	-140544.91401215215
0.18968021572354085	0.7276798512543611	16500	86173.67620076553	167923.43077107746	-0.5131724370153101	-141742.28124251278
0.1922317386684372	0.7276798512543611	16600	86545.18635681266	169378.67899825217	-0.5109567914253583	-142875.4032126954
0.19478326161333356	0.7276798512543611	16700	86714.00572035454	170658.4131691755	-0.5081144498536619	-143868.47532790442
0.19733478455822992	0.7276798512543611	16800	87028.90131271885	171839.92660223032	-0.5064533198630294	-144731.34035106737
0.19988630750312628	0.7276798512543611	16900	87577.61586057648	173448.1997703106	-0.504920869611512	-145875.26835793885
0.20243783044802263	0.7276798512543611	17000	88230.04615313403	175169.1562499828	-0.5036848269521917	-147093.04154497897
0.204989353392919	0.7276798512543611	17100	88584.67449705553	176743.19786286593	-0.5012055658616514	-148176.6133873822
0.20754087633781534	0.7276798512543611	17200	89065.76823903856	178367.1554848136	-0.49933951122868997	-149287.74128559546
0.2100923992827117	0.7276798512543611	17300	89526.72637042715	180004.45484033698	-0.49735839287887007	-150359.6790306437
0.21264392222760806	0.7276798512543611	17400	89276.66469336147	181237.60213258193	-0.49259460312243775	-151164.9820301976
0.2151954451725044	0.7276798512543611	17500	88527.49297245771	182183.66277629757	-0.4859244326488275	-151764.95863560276
0.21774696811740077	0.7276798512543611	17600	88767.04683223815	183502.919414018	-0.48373642836691094	-152740.05933728282
0.22029849106229712	0.7276798512543611	17700	88804.61479291412	184915.22217926467	-0.48024502118502255	-153665.13574017142
0.22285001400719348	0.7276798512543611	17800	88020.86022818268	185952.9982723809	-0.47335004568870226	-154321.86489978395
0.22540153695208984	0.7276798512543611	17900	87620.40425259063	186956.57788984038	-0.4686671378004085	-155007.96763035844
0.2279530598969862	0.7276798512543611	18000	86828.58628563542	188070.9489932743	-0.46167994977650983	-155672.31083347686
0.23050458284188255	0.7276798512543611	18100	85481.18790021034	188874.5265773376	-0.4525818777642773	-155903.8290297804
0.2330561057867789	0.7276798512543611	18200	82274.29919642731	187966.50092860308	-0.4377072445886422	-155168.03892834845
0.23560762873167526	0.7276798512543611	18300	82146.13055772019	188303.83728061055	-0.43624246719574783	-155649.65767405857
0.23815915167657162	0.7276798512543611	18400	82349.21643116508	189202.2489852821	-0.4352443846350419	-156382.47939982545
0.24071067462146797	0.7276798512543611	18500	81771.53626552303	189508.89466213662	-0.431491811565406	-156725.96171440315
0.24326219756636433	0.7276798512543611	18600	79268.38824398025	188337.44868436785	-0.4208848999373728	-156229.85518378354
0.24581372051126069	0.7276798512543611	18700	78729.20913670774	188441.5788012303	-0.4177910715753021	-156571.67376883453
0.24836524345615704	0.7276798512543611	18800	78720.63846893911	189132.52152572275	-0.41621947317099983	-157182.3361806394
0.2509167664010524	0.7276798512543611	18900	77886.23306335617	189323.05491754427	-0.41139328275300596	-157407.1038540922
0.253468289345946	0.7276798512543611	19000	78462.24843749922	190263.72591062123	-0.4123867966001982	-158106.8543754906
0.2560198122908396	0.7276798512543611	19100	78336.82279344107	190803.96788210774	-0.410561812015582	-158701.00060966532
0.25857133523573317	0.7276798512543611	19200	78685.49141355419	191408.762281094	-0.4110861513121345	-159381.57601339303
0.26112285818062675	0.7276798512543611	19300	79623.60752053959	192540.8085334554	-0.4135414623373434	-160266.41380715356
0.26367438112552033	0.7276798512543611	19400	79887.93964089821	192823.9720047042	-0.4143050203267737	-160697.4928098998
0.2662259040704139	0.7276798512543611	19500	80112.95542161944	193209.8958065798	-0.41464209215153036	-161134.9466769282
0.2687774270153075	0.7276798512543611	19600	80876.21400569749	193993.51913123258	-0.4169016283012342	-161840.39380414676
0.27132894996020107	0.7276798512543611	19700	81310.53527735856	194608.62260289158	-0.4178156866321216	-162457.73054543804
0.27388047290509465	0.7276798512543611	19800	81605.16127734323	194997.55337402213	-0.41849325730163134	-163024.21681003718
0.27643199584998823	0.7276798512543611	19900	81616.76058271872	194949.42621490837	-0.41865606976829994	-163493.0600866021
0.2789835187948818	0.7276798512543611	20000	81753.8100912841	194811.93510950624	-0.41965503830824974	-163978.6966770533
0.2815350417397754	0.7276798512543611	20100	82476.52373311613	195534.3245869185	-0.4218007447406189	-164792.47018652526
0.284086564684669	0.7276798512543611	20200	83167.15127728952	196379.2433802168	-0.4235027584675365	-165610.05015492326
0.28663808762956255	0.7276798512543611	20300	83629.02314779602	196917.77586538086	-0.4246900655884283	-166246.78908361765
0.28918961057445614	0.7276798512543611	20400	84537.49338226713	197660.04041916964	-0.4276913694998336	-167112.85296236395
0.2917411335193497	0.7276798512543611	20500	85068.76917774901	197856.72640270548	-0.42995136290997377	-167694.3858382059
0.2942926564642433	0.7276798512543611	20600	86056.14096808969	198504.17078905538	-0.43352308732867406	-168575.8437508342
0.2968441794091369	0.7276798512543611	20700	86713.89574293065	199180.66385886044	-0.43535298087155777	-169380.33897628557
0.29939570235403046	0.7276798512543611	20800	87316.49850934868	200008.6074195882	-0.436563704111852	-170159.86473614105
0.30194722529892404	0.7276798512543611	20900	87694.63609108314	200598.50173388736	-0.4371649605210824	-170847.12607619073
0.3044987482438176	0.7276798512543611	21000	88409.43563070337	201381.84357814424	-0.4390139352180325	-171621.55778717517
0.3070502711887112	0.7276798512543611	21100	88962.32717788356	202167.07816951943	-0.4400435915846181	-172397.3714936626
0.3096017941336048	0.7276798512543611	21200	89500.41476425272	202881.8537272483	-0.4411454899489232	-173117.97419905395
0.31215331707849836	0.7276798512543611	21300	89566.87158625697	203375.27389594654	-0.4404019715399735	-173658.5843959574
0.31470484002339194	0.7276798512543611	21400	89781.3074058087	204131.32272671605	-0.4398213179954004	-174357.7219909781
0.3172563629682855	0.7276798512543611	21500	90120.06103510236	204923.82021197616	-0.4397734774897368	-175124.62690433164
0.3198078859131791	0.7276798512543611	21600	90570.85490310247	205882.51454986108	-0.4399152356436167	-175982.0331981396
0.3223594088580727	0.7276798512543611	21700	91220.01471395275	206656.22820312204	-0.44140946298648576	-176817.14442762977
0.32491093180296626	0.7276798512543611	21800	91602.75359869262	207409.27345249258	-0.44165215987642126	-177590.11931652282
0.32746245474785984	0.7276798512543611	21900	91745.63534117454	208077.5714776598	-0.4409203485490736	-178296.65443061313
0.3300139776927534	0.7276798512543611	22000	91435.14919489254	208398.84032655772	-0.4387507581693597	-178847.37722297976
0.332565500637647	0.7276798512543611	22100	91423.85090844972	208903.3949732557	-0.43763698009864327	-179508.43711944754
0.3351170235825406	0.7276798512543611	22200	91931.96591663302	209685.17075615944	-0.4384285526015556	-180315.90023177862
0.33766854652743417	0.7276798512543611	22300	92144.51170011284	210266.8053486176	-0.43822662139817703	-181027.11814476448
0.34022006947232775	0.7276798512543611	22400	92407.22854345888	210952.2492343252	-0.43804808376711446	-181780.56627777466
0.3427715924172213	0.7276798512543611	22500	92566.67368296318	211594.5089513607	-0.43747200313332096	-182436.29981306675
0.3453231153621149	0.7276798512543611	22600	92635.1824560181	212124.6655658884	-0.4367016075612599	-183023.4539097169
0.3478746383070085	0.7276798512543611	22700	92718.56247412358	212633.0018728166	-0.4360497272647351	-183628.18155628876
0.35042616125190207	0.7276798512543611	22800	92631.12168075689	213000.29731456094	-0.4348872881804401	-184087.83720766194
0.35297768419679565	0.7276798512543611	22900	91951.95267106492	212808.56318638276	-0.4320876533080637	-184000.7502035311
0.35552920714168923	0.7276798512543611	23000	89598.57974083586	211660.53325382352	-0.42331264295450466	-183297.58084256982
0.3580807300865828	0.7276798512543611	23100	90631.34029099144	212850.13951483267	-0.4257988296252712	-183994.55615563702
0.3606322530314764	0.7276798512543611	23200	91054.6881323086	213831.02764843294	-0.42582542455912803	-184512.69875193524
0.36318377597636997	0.7276798512543611	23300	91448.79779887473	214676.15072372172	-0.42598489627553043	-185015.7275658485
0.36573529892126355	0.7276798512543611	23400	91974.58471716261	215400.68065593884	-0.4269930087364688	-185572.49609532556
0.36828682186615713	0.7276798512543611	23500	92154.019245949	215734.6319470395	-0.4271637725211027	-185830.02613460948
0.3708383448110507	0.7276798512543611	23600	91817.81283719884	215704.58764584764	-0.4256646269756162	-185931.96736440805
0.3733898677559443	0.7276798512543611	23700	91726.10814108475	215602.8971338336	-0.42544005373057014	-185948.97884305907
0.3759413907008379	0.7276798512543611	23800	92256.29455537016	216185.75513739526	-0.42674548328467504	-186376.7002641117
0.37849291364573145	0.7276798512543611	23900	92408.59274181354	216458.05976704299	-0.4269122288228294	-186703.57054355842
0.38104443659062504	0.7276798512543611	24000	91338.96007878071	216329.0709401813	-0.4222223101214053	-186857.95063801238
0.3835959595355186	0.7276798512543611	24100	89718.27253905218	216168.8342884639	-0.4150379624998519	-186878.59798406623
0.3861474824804122	0.7276798512543611	24200	88251.80640499643	215170.9592013538	-0.4101473857464738	-186586.35376317127
0.3886990054253058	0.7276798512543611	24300	88933.49450421828	215321.5928131306	-0.4130263636931214	-187086.8529200748
0.39125052837019936	0.7276798512543611	24400	89468.74691784251	215800.38266325585	-0.41459030708695904	-187435.78726641927
0.39380205131509294	0.7276798512543611	24500	89929.63366747585	216203.39625649535	-0.4159492183036145	-187731.9403821229
0.3963535742599865	0.7276798512543611	24600	90807.22788188879	217055.49118392266	-0.41835950515042714	-188358.40504112968
0.3989050972048801	0.7276798512543611	24700	91621.01826950615	218043.08698128525	-0.420196849796802	-189080.81257993155
0.4014566201497737	0.7276798512543611	24800	92084.24028390672	218893.31657413195	-0.42068091308178807	-189684.68364640462
0.40400814309466726	0.7276798512543611	24900	92450.65495921379	219591.51725509495	-0.4210119594547715	-190169.0729511217
0.40655966603956084	0.7276798512543611	25000	92710.0525102136	220205.4292009101	-0.4210161976779746	-190650.90370965062
0.4091111889844544	0.7276798512543611	25100	92712.32325329166	220661.6343350036	-0.4201560617127392	-191044.71763442157
0.411662711929348	0.7276798512543611	25200	92985.14849476743	221256.65168854903	-0.42025922287596384	-191527.37909875135
0.4142142348742416	0.7276798512543611	25300	93350.01771452429	221926.0427437481	-0.4206357062037689	-192060.64675029612
0.41676575781913516	0.7276798512543611	25400	93598.13218352656	222494.48627691955	-0.42067618730575235	-192622.4433895837
0.41931728076402874	0.7276798512543611	25500	93432.91744004295	222941.01045065184	-0.4190925539055292	-193073.8319542853
0.4218688037089223	0.7276798512543611	25600	93739.16411378064	223725.55365799117	-0.41899176281436107	-193651.96945491494
0.4244203266538159	0.7276798512543611	25700	93839.50240430645	224165.34510199467	-0.41861734855407606	-194125.41686415338
0.4269718495987095	0.7276798512543611	25800	94113.81877753283	224773.52761144727	-0.418705084080105	-194621.14453015677
0.42952337254360307	0.7276798512543611	25900	94174.63831936255	225300.71309652188	-0.4179952962644058	-195085.0659504071
0.43207489548849665	0.7276798512543611	26000	94129.58899724584	225838.56662801592	-0.4168003295570368	-195476.6411705877
0.4346264184333902	0.7276798512543611	26100	92955.50897869834	225353.2131026706	-0.4124880568547649	-195221.16019578453
0.4371779413782838	0.7276798512543611	26200	92452.77692920787	225249.47032025925	-0.41044614576788435	-195257.54029503922
0.4397294643231774	0.7276798512543611	26300	92231.8406670257	225802.96450804747	-0.4084616022113324	-195702.52349678485
0.44228098726807097	0.7276798512543611	26400	91220.25615723604	225637.8514048587	-0.40427727701395666	-195704.5980331905
0.44483251021296455	0.7276798512543611	26500	89873.17309504151	225355.75373313346	-0.3988057620284655	-195409.1698998233
0.44738403315785813	0.7276798512543611	26600	89887.05999617647	225775.3910236346	-0.3981260295404246	-195667.09983903597
0.4499355561027517	0.7276798512543611	26700	89430.50388023508	225732.8598300284	-0.39617849145921497	-195660.01634098086
0.4524870790476453	0.7276798512543611	26800	88523.11258717545	225516.24178297987	-0.3925354195657603	-195451.33052145437
0.45503860199253887	0.7276798512543611	26900	88182.00567711961	225845.4397052558	-0.39045289465310146	-195590.67847774827
0.45759012493743245	0.7276798512543611	27000	87553.85711186458	226173.90581660913	-0.38710856938048704	-195738.27666170095
0.46014164788232603	0.7276798512543611	27100	87095.60559300703	226273.23320073535	-0.38491342683799146	-195790.7269815416
0.4626931708272196	0.7276798512543611	27200	86433.82215262273	226357.44986573665	-0.3818465979533288	-195832.93817767114
0.4652446937721132	0.7276798512543611	27300	86299.55809465327	226724.46158816759	-0.3806362908092892	-196022.5582779697
0.4677962167170068	0.7276798512543611	27400	85991.5558181153	227378.64128822382	-0.37818660244834923	-196346.30879928052
0.47034773966190035	0.7276798512543611	27500	85456.91164068705	227931.1350669278	-0.3749242577833616	-196556.51042318778
0.47289926260679394	0.7276798512543611	27600	84157.0175855261	228055.41830511275	-0.36902003123176574	-196441.65096290145
0.4754507855516875	0.7276798512543611	27700	82946.60816347181	227882.81802118762	-0.3639879868247012	-196224.9435150039
0.4780023084965811	0.7276798512543611	27800	82003.83078397694	228144.55870165367	-0.3594380302149303	-196064.26140206933
0.4805538314414747	0.7276798512543611	27900	81661.57108991101	228534.87044149908	-0.3573265249725422	-196008.46536102655
0.48310535438636826	0.7276798512543611	28000	81524.71830996923	229175.07877495597	-0.35573116739287525	-196251.5011124683
0.48565687733126184	0.7276798512543611	28100	81322.73616783661	229863.8108973711	-0.3537866002062645	-196519.295748461
0.4882084002761554	0.7276798512543611	28200	80576.9374842995	230410.26761751523	-0.3497107065474119	-196642.5156968562
0.490759923221049	0.7276798512543611	28300	80514.62135502238	230770.30095169652	-0.3488950745524019	-196772.82291068486
0.4933114461659426	0.7276798512543611	28400	80160.21470495217	230757.79268190847	-0.3473781482016957	-196814.67509943247
0.49586296911083616	0.7276798512543611	28500	80201.28782067152	231099.4456245968	-0.347042320261349	-197045.59440627872
0.49841449205572974	0.7276798512543611	28600	80149.04606615243	231407.75863833557	-0.34635418681625285	-197228.6909713438
0.5009660150006233	0.7276798512543611	28700	80150.08302594928	231658.39608513386	-0.3459839331551546	-197364.71895481483
0.5035175379455169	0.7276798512543611	28800	80451.16843934532	232143.53840702487	-0.34655786239584085	-197646.2709843715
0.5060690608904105	0.7276798512543611	28900	80594.70072093405	232393.4029757268	-0.3468028768843841	-197790.82166280423
0.5086205838353041	0.7276798512543611	29000	80135.53392870702	232529.8434860827	-0.34462472742129235	-197797.18883829584
0.5111721067801976	0.7276798512543611	29100	79291.13656172562	232308.28278870115	-0.3413185944551355	-197745.4692739996
0.5137236297250912	0.7276798512543611	29200	78648.27627443295	232449.94014335782	-0.338345005492058	-197798.49236851526
0.5162751526699848	0.7276798512543611	29300	77805.22496763166	232161.1945283786	-0.33513449620936114	-197662.8814533459
0.5188266756148784	0.7276798512543611	29400	76943.81124429627	231885.72232445944	-0.3318178043606965	-197544.30128689078
0.521378198559772	0.7276798512543611	29500	75587.34801294692	231286.56013965025	-0.32681253924701664	-197263.32575952297
0.5239297215046655	0.7276798512543611	29600	76135.62827452517	231777.66565874717	-0.3284856116664054	-197608.52878884017
0.5264812444495591	0.7276798512543611	29700	76686.04761763185	232650.90497653408	-0.32961852276210424	-198116.07846741413
0.5290327673944527	0.7276798512543611	29800	77187.35290465615	233419.99267446127	-0.3306801273544093	-198599.49666730233
0.5315842903393463	0.7276798512543611	29900	77448.05418826456	234057.64918029064	-0.3308930704016754	-199002.92305776253
0.5341358132842399	0.7276798512543611	30000	77506.83724462525	234603.8946481057	-0.33037319078134525	-199337.55485480372
0.5366873362291334	0.7276798512543611	30100	77605.87930353137	235285.48963536104	-0.3298370818523608	-199679.82428560653
0.539238859174027	0.7276798512543611	30200	77719.66008635414	235983.66988620284	-0.3293433826325037	-200050.64995372563
0.5417903821189206	0.7276798512543611	30300	77658.44892980957	236383.31328857955	-0.3285276267999646	-200253.42600911774
0.5443419050638142	0.7276798512543611	30400	76618.8102710097	236400.8794729695	-0.32410543667106123	-200120.5207947198
0.5468934280087078	0.7276798512543611	30500	75103.57636236862	236150.52535117028	-0.31803264570631384	-199984.2862703151
0.5494449509536014	0.7276798512543611	30600	75165.83433733638	236400.29218251386	-0.31795998914969303	-200053.51712063406
0.5519964738984949	0.7276798512543611	30700	74257.67526746147	236179.15191607838	-0.3144124901161787	-199848.39973924635
0.5545479968433885	0.7276798512543611	30800	73492.7398234244	236661.21552416487	-0.3105398561426735	-199807.93116712396
0.5570995197882821	0.7276798512543611	30900	74011.41742885036	236962.03592571427	-0.3123344933280889	-200031.9808431792
0.5596510427331757	0.7276798512543611	31000	73576.84930210089	237665.56616417598	-0.30958144458871695	-200160.39545618754
0.5622025656780693	0.7276798512543611	31100	73909.53656246969	238104.91485295942	-0.310407437864574	-200362.72887125553
0.5647540886229628	0.7276798512543611	31200	73507.33640500241	238146.20056037392	-0.3086647455724036	-200106.71199398898
0.5673056115678564	0.7276798512543611	31300	73049.93398881548	238422.87250926503	-0.30638811293566975	-200129.87236977558
0.56985713451275	0.7276798512543611	31400	73361.06452559704	238884.10304988283	-0.30709898058925283	-200407.52993371457
0.5724086574576436	0.7276798512543611	31500	72729.61481694398	239584.9232896703	-0.30356507337070704	-200759.5540444668
0.5749601804025372	0.7276798512543611	31600	72893.70565239538	240518.70892703105	-0.30306875493211627	-201164.50144360846
0.5775117033474307	0.7276798512543611	31700	73589.89738059495	241298.97675795303	-0.3049739305542641	-201664.1814980918
0.5800632262923243	0.7276798512543611	31800	73716.50018443688	241833.37116654802	-0.3048235230268081	-201983.6574419045
0.5826147492372179	0.7276798512543611	31900	74022.82611367421	242198.158852225	-0.3056291858883971	-202323.57325995035
0.5851662721821115	0.7276798512543611	32000	74396.67772508609	242486.76659104196	-0.3068071663084087	-202628.1099628463
0.5877177951270051	0.7276798512543611	32100	75113.32713204015	242785.2927192658	-0.3093817022058835	-202909.13229542805
0.5902693180718986	0.7276798512543611	32200	75793.31253814657	243087.92810783806	-0.3117938152178554	-203290.04294759317
0.5928208410167922	0.7276798512543611	32300	76542.94394275942	243421.23892797256	-0.31444644797575855	-203647.7214586869
0.5953723639616858	0.7276798512543611	32400	77352.05775642704	243720.48498011226	-0.317380206110861	-204054.94249628953
0.5979238869065794	0.7276798512543611	32500	78075.20977890262	244241.59757775013	-0.31966385150280846	-204511.43932049465
0.600475409851473	0.7276798512543611	32600	78828.25631358365	245022.27133516152	-0.32171873962328884	-204957.1583423944
0.6030269327963665	0.7276798512543611	32700	79434.82794861791	245702.44757914072	-0.32329685247857354	-205349.5479397351
0.6055784557412601	0.7276798512543611	32800	79723.51775667867	246285.59992362675	-0.32370352867321905	-205627.1645883218
0.6081299786861537	0.7276798512543611	32900	79709.71351927047	246611.25388784564	-0.32322009747179264	-205821.2134318771
0.6106815016310473	0.7276798512543611	33000	79966.99174985495	246966.67921198704	-0.32379668384824595	-206028.09868892573
0.6132330245759409	0.7276798512543611	33100	80081.1548590821	246951.25510060464	-0.32427919763541235	-206189.2518467082
0.6157845475208344	0.7276798512543611	33200	80050.08814028018	245888.87801145198	-0.32555392007828815	-206032.13474408598
0.618336070465728	0.7276798512543611	33300	79207.44442826611	242945.12151244757	-0.3260301912430369	-204819.90690091086
0.6208875934106216	0.7276798512543611	33400	79175.61684466535	241391.05805853682	-0.3279973064514487	-204270.44355256553
0.6234391163555152	0.7276798512543611	33500	79564.23808755472	241316.38699950057	-0.329709221478272	-204357.31389622285
0.6259906393004088	0.7276798512543611	33600	80577.26681928066	241633.30306316377	-0.33346921056745843	-204673.81165226488
0.6285421622453023	0.7276798512543611	33700	81686.56310570132	242016.99223701353	-0.3375240818863807	-205012.3962102559
0.6310936851901959	0.7276798512543611	33800	82707.7134716846	242533.7136654254	-0.3410153261652509	-205386.78043764958
0.6336452081350895	0.7276798512543611	33900	83813.4542846528	242997.0665759422	-0.34491549822252343	-205740.61986263495
0.6361967310799831	0.7276798512543611	34000	84847.7958800599	243345.612208928	-0.3486719777269399	-206012.53983453187
0.6387482540248767	0.7276798512543611	34100	85349.64555825983	243316.07002890157	-0.35077685394196045	-206099.95052463838
0.6412997769697703	0.7276798512543611	34200	86251.45484383633	243560.6372749824	-0.35412723422322784	-206338.6366748072
0.6438512999146638	0.7276798512543611	34300	87115.20769954656	243618.97428708605	-0.3575879422137623	-206561.36585652354
0.6464028228595574	0.7276798512543611	34400	88099.60289063727	243936.38401641595	-0.3611581078643378	-206849.30987966558
0.648954345804451	0.7276798512543611	34500	88883.31007397658	244148.39548196513	-0.36405445097648514	-207101.70873104528
0.6515058687493446	0.7276798512543611	34600	89401.97732249621	244228.15123872284	-0.3660592641308966	-207260.34139568513
0.6540573916942382	0.7276798512543611	34700	89868.63134094764	244489.8978556651	-0.36757605172710117	-207443.5350822654
0.6566089146391317	0.7276798512543611	34800	89877.98324798979	244560.25483672565	-0.3675085442971692	-207403.3004040826
0.6591604375840253	0.7276798512543611	34900	89779.62806345688	244644.88551555696	-0.3669793785970964	-207434.82302125497
0.6617119605289189	0.7276798512543611	35000	88900.3158957485	244959.49275249342	-0.3629184356026292	-207350.73981461584
0.6642634834738125	0.7276798512543611	35100	88967.02129373612	245439.35973086156	-0.36248066076807567	-207637.70030402127
0.6668150064187061	0.7276798512543611	35200	88718.95814574308	245744.4327239404	-0.3610212331662726	-207820.30183658807
0.6693665293635996	0.7276798512543611	35300	88785.07283328826	246115.9234890129	-0.36074493504786087	-208103.65513931098
0.6719180523084932	0.7276798512543611	35400	88677.40751446536	246440.17036502302	-0.3598334126417697	-208385.26423193724
0.6744695752533868	0.7276798512543611	35500	88485.39902454222	246722.80885738102	-0.3586429622552308	-208630.43448486467
0.6770210981982804	0.7276798512543611	35600	88300.40354283316	247113.80535215337	-0.3573268738142707	-208912.72329572763
0.679572621143174	0.7276798512543611	35700	88107.55571489873	247621.1971623859	-0.3558158862188169	-209240.44744479097
0.6821241440880675	0.7276798512543611	35800	87548.45739295092	248101.62191793416	-0.3528733779173349	-209446.84621339318
0.6846756670329611	0.7276798512543611	35900	87446.93775924921	248285.15026086062	-0.35220365643041135	-209494.179274393
0.6872271899778547	0.7276798512543611	36000	87489.64304252062	248229.93628038547	-0.3524540365820246	-209556.0072362897
0.6897787129227483	0.7276798512543611	36100	87202.54775822394	248019.22475397217	-0.3515959210207448	-209534.5004909644
0.6923302358676419	0.7276798512543611	36200	87417.83306843718	248153.87909597714	-0.35227268413816354	-209583.2724475269
0.6948817588125354	0.7276798512543611	36300	87286.55472137299	248310.25292060766	-0.35152215301106055	-209621.39745476455
0.697433281757429	0.7276798512543611	36400	87436.16167238732	248540.97949726784	-0.3517977673108369	-209678.59892879185
0.6999848047023226	0.7276798512543611	36500	86799.93089306077	248552.82858663733	-0.34922125564467343	-209613.36388107654
0.7025363276472162	0.7276798512543611	36600	86670.2955398776	248556.7499645602	-0.34869419378968886	-209667.3183099577
0.7050878505921098	0.7276798512543611	36700	86856.49509381363	248776.28279257374	-0.3491349501601541	-209819.4913004857
0.7076393735370033	0.7276798512543611	36800	87139.7921600269	249433.9070744812	-0.3493502274091665	-210194.40411185077
0.7101908964818969	0.7276798512543611	36900	87582.18324180038	250208.73290614653	-0.35003647644326036	-210673.89436697782
0.7127424194267905	0.7276798512543611	37000	87801.33314442547	250807.123035674	-0.3500751178104973	-211158.64595356854
0.7152939423716841	0.7276798512543611	37100	87891.61448446222	251480.04565167875	-0.349497369688725	-211629.8822395144
0.7178454653165777	0.7276798512543611	37200	87493.38041107389	251821.11029542226	-0.34744259648617865	-211934.10049696578
0.7203969882614712	0.7276798512543611	37300	87106.60416548433	252191.87886431697	-0.34539813319028007	-212254.3716669069
0.7229485112063648	0.7276798512543611	37400	86813.7212947754	252516.60157686094	-0.3437941139420533	-212526.8730984655
0.7255000341512584	0.7276798512543611	37500	86181.10695788777	252362.00284330267	-0.34149795130370547	-212578.51166633223
0.728051557096152	0.7276798512543611	37600	85711.83124088515	252484.21093116567	-0.33947402463218823	-212693.5043836283
0.7306030800410456	0.7276798512543611	37700	84550.9022151808	252309.72891950078	-0.3351075782026491	-212562.9511277692
0.7331546029859392	0.7276798512543611	37800	83623.61299678741	252153.60615177004	-0.33163758501417095	-212455.24846084983
0.7357061259308327	0.7276798512543611	37900	83294.49647085095	252722.3618135493	-0.3295889444571709	-212754.5776472836
0.7382576488757263	0.7276798512543611	38000	83124.68527372237	253233.1913773684	-0.32825351535316655	-213006.72099942833
0.7408091718206199	0.7276798512543611	38100	83094.68296141126	253822.6051510377	-0.3273730600628167	-213321.64525810632
0.7433606947655135	0.7276798512543611	38200	82697.04925468267	254093.4328212873	-0.3254592152834047	-213428.9501232245
0.745912217710407	0.7276798512543611	38300	82963.60790917785	254703.16200529662	-0.3257266508040155	-213765.97544871576
0.7484637406553006	0.7276798512543611	38400	83333.39693549955	255385.24213128572	-0.3263046691345634	-214181.0381062657
0.7510152636001942	0.7276798512543611	38500	83609.00269355392	255923.80086426888	-0.3266949084500999	-214573.134694955
0.7535667865450878	0.7276798512543611	38600	83364.27157306677	256072.24499642767	-0.325549813390474	-214804.39815443897
0.7561183094899814	0.7276798512543611	38700	83308.44051533492	256276.16511668978	-0.3250729168567129	-215059.18301759323
0.758669832434875	0.7276798512543611	38800	82091.54766425822	255814.33106499005	-0.32090284904094263	-214747.35883696828
0.7612213553797685	0.7276798512543611	38900	80423.18475885331	254453.22830912692	-0.3160627408552656	-214113.60742738642
0.7637728783246621	0.7276798512543611	39000	81037.18578546916	254889.91681126266	-0.31793013548462357	-214523.92691111515
0.7663244012695557	0.7276798512543611	39100	80859.84967630828	255094.67040347686	-0.31697976891643515	-214824.0858265867
0.7688759242144493	0.7276798512543611	39200	80649.58389141416	255198.94851885244	-0.3160263173476841	-215005.8115724104
0.7714274471593429	0.7276798512543611	39300	80066.9956890346	255104.49841543386	-0.31385959944401565	-215073.62385463854
0.7739789701042364	0.7276798512543611	39400	79549.34951467639	255031.08156405526	-0.31192021390810853	-215270.92323241965
0.77653049304913	0.7276798512543611	39500	79045.37578510617	254798.13926961314	-0.31022744519128836	-215371.52110910925
0.7790820159940236	0.7276798512543611	39600	77527.5104851371	254646.92633782755	-0.30445099652326124	-215337.10869964267
0.7816335389389172	0.7276798512543611	39700	76064.98126934146	254407.71374349212	-0.29898850215695255	-215188.24238650082
0.7841850618838108	0.7276798512543611	39800	75489.92799609553	253598.13964191076	-0.2976754013364999	-215050.35451026386
0.7867365848287043	0.7276798512543611	39900	75862.38800267788	253160.75983209282	-0.29966092712390774	-215168.42914222836
0.7892881077735979	0.7276798512543611	40000	75460.20047178851	251762.6036126205	-0.29972759809831345	-214802.53261987984
0.7918396307184915	0.7276798512543611	40100	74021.35504369627	249798.48440488544	-0.2963242760261062	-214110.54938107348
0.7943911536633851	0.7276798512543611	40200	74156.59092905436	249190.14117197754	-0.297590388529358	-214035.30895799995
0.7969426766082787	0.7276798512543611	40300	73726.82806296051	248140.16703420633	-0.2971176691953996	-213731.83380737013
0.7994941995531722	0.7276798512543611	40400	73267.39594874019	247121.11942609277	-0.2964837490170583	-213317.4709805462
0.8020457224980658	0.7276798512543611	40500	73169.3665770007	246294.1097936839	-0.29708126856258704	-213075.7220901719
0.8045972454429594	0.7276798512543611	40600	72537.56235170833	245055.76466906996	-0.29600430926268984	-212557.70398557055
0.807148768387853	0.7276798512543611	40700	72354.70678419502	243739.4861668733	-0.2968526270489396	-212072.64464564575
0.8097002913327466	0.7276798512543611	40800	72615.99774095089	243005.3902848215	-0.2988246378232154	-211835.79499079695
0.8122518142776401	0.7276798512543611	40900	72610.81126530614	242259.76506741822	-0.29972294922807075	-211506.1705301702
0.8148033372225337	0.7276798512543611	41000	73202.93231785478	241877.0158463183	-0.3026452598719252	-211470.51902785292
0.8173548601674273	0.7276798512543611	41100	73378.86366359805	241127.9569614777	-0.3043150391529298	-211250.7427354637
0.8199063831123209	0.7276798512543611	41200	74030.36034979437	240692.56676019385	-0.30757227506552826	-211291.138112801
0.8224579060572145	0.7276798512543611	41300	74916.2104329686	240473.2488675213	-0.31153656710580957	-211453.49682838874
0.825009429002108	0.7276798512543611	41400	75584.99600601837	240199.46681524618	-0.31467595248309166	-211515.35738621288
0.8275609519470016	0.7276798512543611	41500	75890.64360490686	239746.33549101077	-0.31654558327024923	-211459.4985311595
0.8301124748918952	0.7276798512543611	41600	75848.65501717117	239064.976615478	-0.3172721328359582	-211401.09813711324
0.8326639978367888	0.7276798512543611	41700	75884.1067597123	238533.26187181188	-0.3181279883746047	-211390.04608498266
0.8352155207816824	0.7276798512543611	41800	76208.35046391678	238248.9619928873	-0.319868551898211	-211488.476858613
0.837767043726576	0.7276798512543611	41900	76289.696050468	237838.7129145256	-0.3207623145769586	-211523.13746645759
0.8403185666714695	0.7276798512543611	42000	76039.03220638083	237596.53515459035	-0.3200342637863242	-211600.297566385
0.8428700896163631	0.7276798512543611	42100	75565.24183777138	237095.42035130976	-0.3187123636795878	-211566.69656592418
0.8454216125612567	0.7276798512543611	42200	74997.96061358583	236547.8069104464	-0.31705202256209875	-211437.40184851922
0.8479731355061503	0.7276798512543611	42300	74908.40865939503	236085.35589868316	-0.31729375324550935	-211270.94878558686
0.8505246584510439	0.7276798512543611	42400	74223.55572593311	235433.89659273773	-0.3152628266367598	-210962.06132304002
0.8530761813959374	0.7276798512543611	42500	74325.97659695029	235071.48086287687	-0.31618457638554	-210687.67368660905
0.855627704340831	0.7276798512543611	42600	73800.57801965228	234723.24420967227	-0.314415294778936	-210446.10725100673
0.8581792272857246	0.7276798512543611	42700	73989.48525120666	234674.1726163758	-0.31528601731626427	-210304.72543082022
0.8607307502306182	0.7276798512543611	42800	73688.30678202491	234319.8576014082	-0.3144774307065901	-210063.87194905398
0.8632822731755118	0.7276798512543611	42900	73413.32531531148	234127.79842361886	-0.3135609090830007	-209841.9097478273
0.8658337961204053	0.7276798512543611	43000	72718.07918644314	233880.96722075366	-0.31091918273882707	-209424.58231974373
0.8683853190652989	0.7276798512543611	43100	71799.19285551968	232898.35209671655	-0.30828553405007936	-208532.0985854147
0.8709368420101925	0.7276798512543611	43200	72571.0773455367	232950.30646430567	-0.3115302935077124	-208454.55918341622
0.8734883649550861	0.7276798512543611	43300	72610.26082136018	232696.18071529528	-0.31203890239264015	-207940.5170617608
0.8760398878999797	0.7276798512543611	43400	72960.88059451952	232730.53112504422	-0.31349939452214903	-207698.97376059633
0.8785914108448732	0.7276798512543611	43500	73081.42302772979	232738.62773230197	-0.31400641887340114	-207415.1582960318
0.8811429337897668	0.7276798512543611	43600	73379.7560423201	232606.71107983502	-0.3154670632746051	-207137.43259044224
0.8836944567346604	0.7276798512543611	43700	72907.29979372426	231958.1481745594	-0.31431230317832204	-206572.78823422737
0.886245979679554	0.7276798512543611	43800	71712.94372641142	231036.47544338746	-0.3103966314790141	-205353.1916646023
0.8887975026244476	0.7276798512543611	43900	71636.34503359476	230937.43561170105	-0.31019806227537894	-205013.39444662366
0.8913490255693411	0.7276798512543611	44000	72109.7502311706	231039.99084578216	-0.3121093883668972	-205011.81695634357
0.8939005485142347	0.7276798512543611	44100	72434.95257931473	230980.0927689387	-0.31359824871044256	-204944.21655109167
0.8964520714591283	0.7276798512543611	44200	72880.6968043935	230865.00663207416	-0.31568533433281337	-204848.56201030686
0.8990035944040219	0.7276798512543611	44300	73499.46610304856	230881.4761261868	-0.3183428455857493	-204789.62270357218
0.9015551173489155	0.7276798512543611	44400	74167.69430190163	230998.6866814857	-0.3210740951275118	-204652.0695064933
0.904106640293809	0.7276798512543611	44500	74663.64606435529	231123.51784238304	-0.32304651106631604	-204445.9524108344
0.9066581632387026	0.7276798512543611	44600	75032.0700358084	230731.95770676874	-0.3251914939809279	-203621.6892088614
0.9092096861835962	0.7276798512543611	44700	76089.47875939647	230886.91958653886	-0.329553007574677	-203607.49166498985
0.9117612091284898	0.7276798512543611	44800	76682.63503623854	230901.19980595802	-0.33210150099124724	-203337.25801405904
0.9143127320733834	0.7276798512543611	44900	77287.1044725002	230868.6702146378	-0.33476653372086673	-203111.57109098206
0.916864255018277	0.7276798512543611	45000	78002.60533799668	230778.1389031627	-0.3379982424189993	-202894.30685539308
0.9194157779631705	0.7276798512543611	45100	78678.5574230722	231100.35939905583	-0.3404519042188631	-202804.3782417894
0.9219673009080641	0.7276798512543611	45200	79257.43313569821	231780.19719882403	-0.3419508400353554	-202768.9072058259
0.9245188238529577	0.7276798512543611	45300	80599.32167016293	232700.95268186842	-0.34636438201588443	-203280.68336193476
0.9270703467978513	0.7276798512543611	45400	81693.01199470864	233690.76024455647	-0.3495774155093561	-203757.8283785938
0.9296218697427449	0.7276798512543611	45500	82905.51257432651	234529.105873845	-0.3534977557067992	-204212.60286291316
0.9321733926876384	0.7276798512543611	45600	84129.30977904328	235261.0058746978	-0.35759988981706275	-204668.9901751255
0.934724915632532	0.7276798512543611	45700	85678.61525257851	236278.10150420197	-0.36261767259482913	-205241.92949849888
0.9372764385774256	0.7276798512543611	45800	87068.28521774226	237302.82909925588	-0.36690791065674355	-205820.11494261786
0.9398279615223192	0.7276798512543611	45900	88385.23913593392	238430.57757615298	-0.3706959066846379	-206408.02580896355
0.9423794844672128	0.7276798512543611	46000	89266.16282139119	239288.08802145915	-0.37304892006737034	-206801.86231480958
0.9449310074121063	0.7276798512543611	46100	89740.93228401171	239664.37528816072	-0.3744441875272935	-206829.6118677163
0.9474825303569999	0.7276798512543611	46200	88864.38567650755	239233.30804511614	-0.37145490484857124	-206136.0935519107
0.9500340533018935	0.7276798512543611	46300	89428.36480693673	239532.20757131148	-0.37334588827814685	-206212.31753448615
0.9525855762467871	0.7276798512543611	46400	89100.3401917022	239371.73736292552	-0.3722258156843803	-205965.51513114964
0.9551370991916807	0.7276798512543611	46500	88876.80923858189	239103.4359142533	-0.3717086243396966	-205595.92537565358
0.9576886221365742	0.7276798512543611	46600	89684.31220677796	239929.3199846166	-0.37379471676295417	-205878.11063073296
0.9602401450814678	0.7276798512543611	46700	89842.29708962468	240495.41746235924	-0.37357176297833705	-205925.32574200383
0.9627916680263614	0.7276798512543611	46800	90528.88459086194	241221.05444857312	-0.3752942909474022	-206121.54199830125
0.965343190971255	0.7276798512543611	46900	90647.2253417083	241669.40894379624	-0.3750877106783078	-206225.7813400077
0.9678947139161486	0.7276798512543611	47000	90451.09842519584	241872.82533544482	-0.3739613918998649	-206104.63071109678
0.9704462368610421	0.7276798512543611	47100	90062.25864775736	241908.44530676145	-0.3722989436501499	-205933.53507600818
0.9729977598059357	0.7276798512543611	47200	90812.70493138157	242459.10523813363	-0.374548544350145	-206128.29108932381
0.9755492827508293	0.7276798512543611	47300	91103.1439874064	242810.82345705698	-0.3752021540486176	-206223.9483777402
0.9781008056957229	0.7276798512543611	47400	91270.45483681625	243112.4586042247	-0.3754248357357947	-206319.4911107764
0.9806523286406165	0.7276798512543611	47500	91999.23491432214	243974.3969136241	-0.3770856125812794	-206707.84931859747
0.98320385158551	0.7276798512543611	47600	92294.2286182481	244499.15787938173	-0.3774828077885627	-206940.29900837396
0.9857553745304036	0.7276798512543611	47700	91914.36180911073	244550.6970981024	-0.37584992764195213	-206900.1538562032
0.9883068974752972	0.7276798512543611	47800	91534.24779892052	244743.07644462126	-0.3740013778066251	-206896.05729978575
0.9908584204201908	0.7276798512543611	47900	91364.25240975975	244794.5129668639	-0.3732283510052657	-207025.70012827506
0.9934099433650844	0.7276798512543611	48000	91324.80899356883	244773.97550062888	-0.3730985240844536	-207019.2451622201
0.995961466309978	0.7276798512543611	48100	90663.7219867279	244134.2528971411	-0.37136829801972293	-206662.02449170407
0.9985129892548715	0.7276798512543611	48200	90164.91187111073	243386.19480007252	-0.37046025533689747	-206364.1747752082
1.0010645121997697	0.7276798512543611	48300	90361.40462305499	243142.7559807331	-0.3716393040729345	-206382.0623985684
1.0036160351446743	0.7276798512543611	48400	90297.62702900128	242874.3402738342	-0.37178743101141587	-206267.94905503743
1.006167558089579	0.7276798512543611	48500	90210.56638999088	242351.38617272387	-0.3722304535353381	-205976.81672300454
1.0087190810344837	0.7276798512543611	48600	90358.31879914526	242254.19049505406	-0.3729897039737277	-205838.4618864881
1.0112706039793884	0.7276798512543611	48700	90501.78293312955	242268.09134837877	-0.3735604735622778	-205747.9996369412
1.013822126924293	0.7276798512543611	48800	90847.10233101386	242429.55064662982	-0.3747360917375721	-205826.65395790245
