# cellvel_xx		cellvel_xy		cellvel_xz		cellvel_yx		cellvel_yy		cellvel_yz		cellvel_zx		cellvel_zy		cellvel_zz		exz		i		sxz		szz		tanPhi
-0.1	0.0	0.0	0.0	-0.1	0.0	0.0	0.0	-0.1	0.0	100	0.04174104531439222	0.09504436950042597	-0.4391743091546853
-0.1	0.0	0.0	0.0	-0.1	0.0	0.0	0.0	-0.1	0.0	200	4.869156559544512e-06	7.391938841011168e-09	658.7116944921103
-0.1	0.0	0.0	0.0	-0.1	0.0	0.0	0.0	-0.1	0.0	300	0.0006070561889430831	0.0006734326732405315	0.90143560457492
-0.1	0.0	0.0	0.0	-0.1	0.0	0.0	0.0	-0.1	0.0	400	0.0006870022495935802	0.0011221196884632998	0.6122361604174361
-0.1	0.0	0.0	0.0	-0.1	0.0	0.0	0.0	-0.1	0.0	500	0.006769346652240157	3.808101083974372e-05	177.7617374897844
-0.1	0.0	0.0	0.0	-0.1	0.0	0.0	0.0	-0.1	0.0	600	0.1331577159114949	16.990444666491232	-0.007837211946201161
-0.1	0.0	0.0	0.0	-0.1	0.0	0.0	0.0	-0.1	0.0	700	0.8137536253952672	28.134007291645336	-0.028924198993753696
-0.1	0.0	0.0	0.0	-0.1	0.0	0.0	0.0	-0.1	0.0	800	1.018767717702759	22.836416217490886	-0.04461154097035872
-0.1	0.0	0.0	0.0	-0.1	0.0	0.0	0.0	-0.1	0.0	900	0.4766781546887853	16.928531120973357	-0.028158270276516306
-0.1	0.0	0.0	0.0	-0.1	0.0	0.0	0.0	-0.1	0.0	1000	2.9691660532608237	29.042148679749943	-0.10223644558817088
-0.1	0.0	0.0	0.0	-0.1	0.0	0.0	0.0	-0.1	0.0	1100	2.4981643329801684	245.72708919408035	-0.010166418123347672
-0.1	0.0	0.0	0.0	-0.1	0.0	0.0	0.0	-0.1	0.0	1200	5.38492521434044	1836.8442419554312	-0.002931617766680022
-0.1	0.0	0.0	0.0	-0.1	0.0	0.0	0.0	-0.1	0.0	1300	56.0677157372796	4635.17788128859	0.012096130326220113
-0.1	0.0	0.0	0.0	-0.1	0.0	0.0	0.0	-0.1	0.0	1400	88.66541353510958	9023.836209146844	0.009825689593660347
-0.1	0.0	0.0	0.0	-0.1	0.0	0.0	0.0	-0.1	0.0	1500	584.15130026057	16700.623503902676	-0.03497781385970787
-0.1	0.0	0.0	0.0	-0.1	0.0	0.0	0.0	-0.1	0.0	1600	1404.594088996268	21828.01427793023	-0.06434823026556377
-0.1	0.0	0.0	0.0	-0.1	0.0	0.0	0.0	-0.1	0.0	1700	4351.939760673497	32345.730301623775	-0.1345444891827045
-0.1	0.0	0.0	0.0	-0.1	0.0	0.0	0.0	-0.1	0.0	1800	2538.53660508386	38468.33723667106	-0.0659902867510459
-0.1	0.0	0.0	0.0	-0.1	0.0	0.0	0.0	-0.1	0.0	1900	219.6777459632555	46377.95772312264	-0.0047366843377350965
-0.1	0.0	0.0	0.0	-0.1	0.0	0.0	0.0	-0.1	0.0	2000	346.7208095317474	25159.59796209558	-0.013780856516630463
-0.1	0.0	0.0	0.0	-0.1	0.0	0.0	0.0	-0.1	0.0	2100	0.07251590507148403	20443.6886603297	3.5471047459355386e-06
-0.1	0.0	0.0	0.0	-0.1	0.0	0.0	0.0	-0.1	0.0	2200	0.0017313336432187303	76095.41475967015	2.2752141488245368e-08
-0.1	0.0	0.0	0.0	-0.1	0.0	0.0	0.0	-0.1	0.0	2300	0.0003432645208886723	132813.70367076754	2.584556498323337e-09
-0.1	0.0	0.0	0.0	-0.1	0.0	0.0	0.0	-0.1	0.0	2400	0.00014757640683232698	190598.90328034712	7.742773137328108e-10
-0.1	0.0	0.0	0.0	-0.1	0.0	0.0	0.0	-0.1	0.0	2500	0.00015283250754748369	249459.924595839	6.126535466371777e-10
-0.1	0.0	0.0	0.0	-0.1	0.0	0.0	0.0	-0.1	0.0	2600	0.0005257122077642122	309407.3707176863	1.6990940020103454e-09
-0.1	0.0	0.0	0.0	-0.1	0.0	0.0	0.0	-0.1	0.0	2700	0.03888658287082995	370452.1094089971	1.0497060722064152e-07
-0.1	0.0	0.0	0.0	-0.1	0.0	0.0	0.0	-0.1	0.0	2800	16.17453433251777	432004.57801681344	3.7440654927245385e-05
-0.1	0.0	0.0	0.0	-0.1	0.0	0.0	0.0	-0.1	0.0	2900	270.54154559767363	491194.296096203	-0.0005507831580045194
-0.1	0.0	0.0	0.0	-0.1	0.0	0.0	0.0	-0.1	0.0	3000	1.4452051896730211	559956.5715789751	-2.5809237055613203e-06
0.0	0.0	0.1	0.0	0.0	0.0	0.0	0.0	0.0	0.002196216549594661	3100	8980.535253013215	586246.9402681777	-0.01531869019035747
0.0	0.0	0.1	0.0	0.0	0.0	0.0	0.0	0.0	0.005738501307005409	3200	23483.54070289958	586207.6659195367	-0.04006010509272826
0.0	0.0	0.1	0.0	0.0	0.0	0.0	0.0	0.0	0.009280786064416121	3300	37982.21023392374	586133.5273344868	-0.06480129264512889
0.0	0.0	0.1	0.0	0.0	0.0	0.0	0.0	0.0	0.012823070821826783	3400	52478.77537473342	586024.4769022597	-0.08955048371381612
0.0	0.0	0.1	0.0	0.0	0.0	0.0	0.0	0.0	0.01636535557923748	3500	66974.40319897184	585880.4674659382	-0.11431410828330027
0.0	0.0	0.1	0.0	0.0	0.0	0.0	0.0	0.0	0.019907640336648314	3600	81468.08785119586	585701.4721153901	-0.13909490026882787
0.0	0.0	0.1	0.0	0.0	0.0	0.0	0.0	0.0	0.02344992509405915	3700	95959.71882870892	585487.4438430042	-0.16389714218096893
0.0	0.0	0.1	0.0	0.0	0.0	0.0	0.0	0.0	0.026992209851469984	3800	110449.27906623432	585238.3274377069	-0.18872530025469086
0.0	0.0	0.1	0.0	0.0	0.0	0.0	0.0	0.0	0.03053449460888082	3900	124936.35927061591	584954.0602333981	-0.21358319868874145
0.0	0.0	0.1	0.0	0.0	0.0	0.0	0.0	0.0	0.03407677936629165	4000	139420.50285439013	584634.5761079465	-0.23847461055510277
0.0	0.0	0.1	0.0	0.0	0.0	0.0	0.0	0.0	0.037619064123702486	4100	153901.39091205696	584279.7960971785	-0.26340358153760257
0.0	0.0	0.1	0.0	0.0	0.0	0.0	0.0	0.0	0.04116134888111332	4200	168378.72535612082	583889.6344621481	-0.28837423276270946
0.0	0.0	0.1	0.0	0.0	0.0	0.0	0.0	0.0	0.04470363363852416	4300	182852.28875963108	583463.9915775094	-0.3133908714147963
0.0	0.0	0.1	0.0	0.0	0.0	0.0	0.0	0.0	0.04824591839593499	4400	197321.6925377976	583002.7660955618	-0.33845755803061484
0.0	0.0	0.1	0.0	0.0	0.0	0.0	0.0	0.0	0.05178820315334583	4500	211786.69800720894	582505.8431759971	-0.3635786670438946
0.0	0.0	0.1	0.0	0.0	0.0	0.0	0.0	0.0	0.05533048791075666	4600	226246.67552882826	581973.115223565	-0.38875795051445905
0.0	0.0	0.1	0.0	0.0	0.0	0.0	0.0	0.0	0.0588727726681675	4700	239533.62488198484	580258.5497953366	-0.4128049900625694
0.0	0.0	0.1	0.0	0.0	0.0	0.0	0.0	0.0	0.06241505742557833	4800	252410.2951736095	578093.1215577712	-0.43662566766656313
0.0	0.0	0.1	0.0	0.0	0.0	0.0	0.0	0.0	0.06595734218298849	4900	264354.510358094	575021.753714542	-0.4597295817947915
0.0	0.0	0.1	0.0	0.0	0.0	0.0	0.0	0.0	0.06949962694039863	5000	276319.6882094983	571906.5744064667	-0.4831552924466152
0.0	0.0	0.1	0.0	0.0	0.0	0.0	0.0	0.0	0.07304191169780877	5100	288317.6563837748	568750.4876050679	-0.5069317084858105
0.0	0.0	0.1	0.0	0.0	0.0	0.0	0.0	0.0	0.07658419645521891	5200	299589.7458531762	567606.6483024408	-0.5278122565145578
0.0	0.0	0.1	0.0	0.0	0.0	0.0	0.0	0.0	0.08012648121262905	5300	309284.93501663633	570447.5944228561	-0.5421794009483936
0.0	0.0	0.1	0.0	0.0	0.0	0.0	0.0	0.0	0.0836687659700392	5400	318789.79045678454	573494.8976469386	-0.5558720605271044
0.0	0.0	0.1	0.0	0.0	0.0	0.0	0.0	0.0	0.08721105072744934	5500	326600.7659974427	580575.4036747148	-0.5625466802937983
0.0	0.0	0.1	0.0	0.0	0.0	0.0	0.0	0.0	0.09075333548485948	5600	334232.6987070644	587892.8528736294	-0.5685265556016368
0.0	0.0	0.1	0.0	0.0	0.0	0.0	0.0	0.0	0.09429562024226962	5700	341806.0806631812	595149.2341347431	-0.5743199538181638
0.0	0.0	0.1	0.0	0.0	0.0	0.0	0.0	0.0	0.09783790499967976	5800	349322.80857875687	602344.5249121299	-0.5799385470129677
0.0	0.0	0.1	0.0	0.0	0.0	0.0	0.0	0.0	0.1013801897570899	5900	356748.3501999113	609491.7741604061	-0.5853210253597652
0.0	0.0	0.1	0.0	0.0	0.0	0.0	0.0	0.0	0.10492247451450004	6000	363794.7852349068	616651.4007292637	-0.5899520941729415
0.0	0.0	0.1	0.0	0.0	0.0	0.0	0.0	0.0	0.10846475927191018	6100	370468.53823264944	623813.6635717568	-0.5938769216939968
0.0	0.0	0.1	0.0	0.0	0.0	0.0	0.0	0.0	0.11200704402932032	6200	377050.50169184356	630918.3882155109	-0.5976216714150508
0.0	0.0	0.1	0.0	0.0	0.0	0.0	0.0	0.0	0.11554932878673047	6300	382518.55817907176	637526.0178636815	-0.6000046232793333
0.0	0.0	0.1	0.0	0.0	0.0	0.0	0.0	0.0	0.1190916135441406	6400	387276.6028535635	643817.1286020741	-0.6015319966625626
0.0	0.0	0.1	0.0	0.0	0.0	0.0	0.0	0.0	0.12263389830155075	6500	391952.171133246	650047.2828791906	-0.602959479189284
0.0	0.0	0.1	0.0	0.0	0.0	0.0	0.0	0.0	0.1261761830589609	6600	396542.57382752135	656215.6565918977	-0.604286974631165
0.0	0.0	0.1	0.0	0.0	0.0	0.0	0.0	0.0	0.12971846781637103	6700	401041.7792688748	662320.0469349431	-0.6055105550931141
0.0	0.0	0.1	0.0	0.0	0.0	0.0	0.0	0.0	0.13326075257378117	6800	405455.3124152529	668360.3375436902	-0.6066417913207612
0.0	0.0	0.1	0.0	0.0	0.0	0.0	0.0	0.0	0.1368030373311913	6900	409783.66356293426	674334.9633052312	-0.6076856248924019
0.0	0.0	0.1	0.0	0.0	0.0	0.0	0.0	0.0	0.14034532208860145	7000	414028.42052843433	680243.0447563839	-0.6086477821713131
0.0	0.0	0.1	0.0	0.0	0.0	0.0	0.0	0.0	0.1438876068460116	7100	418189.1920660697	686083.1563074328	-0.6095313494020246
0.0	0.0	0.1	0.0	0.0	0.0	0.0	0.0	0.0	0.14742989160342174	7200	422267.2688222183	691854.3351907762	-0.6103412920087864
0.0	0.0	0.1	0.0	0.0	0.0	0.0	0.0	0.0	0.15097217636083188	7300	426264.0355053005	697555.1567955646	-0.6110829105808295
0.0	0.0	0.1	0.0	0.0	0.0	0.0	0.0	0.0	0.15451446111824202	7400	430181.57423232286	703184.841268098	-0.6117617289026723
0.0	0.0	0.1	0.0	0.0	0.0	0.0	0.0	0.0	0.15805674587565216	7500	434017.97093630675	708741.5439761691	-0.6123783410541831
0.0	0.0	0.1	0.0	0.0	0.0	0.0	0.0	0.0	0.1615990306330623	7600	437776.9416216274	714224.3530079623	-0.6129403733965747
0.0	0.0	0.1	0.0	0.0	0.0	0.0	0.0	0.0	0.16514131539047244	7700	441458.11512673774	719631.8069181598	-0.613449976616921
0.0	0.0	0.1	0.0	0.0	0.0	0.0	0.0	0.0	0.16868360014788258	7800	445064.4461908215	724963.0769366393	-0.6139132603434913
0.0	0.0	0.1	0.0	0.0	0.0	0.0	0.0	0.0	0.17222588490529273	7900	448595.5834368855	730216.3795582365	-0.6143324033737441
0.0	0.0	0.1	0.0	0.0	0.0	0.0	0.0	0.0	0.17576816966270287	8000	452053.3750985405	735390.837266351	-0.6147117317628632
0.0	0.0	0.1	0.0	0.0	0.0	0.0	0.0	0.0	0.179310454420113	8100	455438.8387898296	740484.8946294362	-0.6150548675510075
0.0	0.0	0.1	0.0	0.0	0.0	0.0	0.0	0.0	0.18285273917752315	8200	458694.6368906802	745501.0960984903	-0.6152836518835657
0.0	0.0	0.1	0.0	0.0	0.0	0.0	0.0	0.0	0.1863950239349333	8300	461611.1659655838	750468.2063010441	-0.6150975645468082
0.0	0.0	0.1	0.0	0.0	0.0	0.0	0.0	0.0	0.18993730869234343	8400	464450.2077945304	755351.4522015607	-0.614879611922153
0.0	0.0	0.1	0.0	0.0	0.0	0.0	0.0	0.0	0.19347959344975357	8500	467235.81237412756	760152.294494143	-0.6146607933151843
0.0	0.0	0.1	0.0	0.0	0.0	0.0	0.0	0.0	0.19702187820716371	8600	469953.0938317124	764868.3916695592	-0.6144234733061671
0.0	0.0	0.1	0.0	0.0	0.0	0.0	0.0	0.0	0.20056416296457386	8700	472610.58833098505	769499.2667949137	-0.6141793874599556
0.0	0.0	0.1	0.0	0.0	0.0	0.0	0.0	0.0	0.204106447721984	8800	475207.67227990506	774043.473888425	-0.6139289178328556
0.0	0.0	0.1	0.0	0.0	0.0	0.0	0.0	0.0	0.20764873247939414	8900	477743.6870508852	778499.811380367	-0.613672193707783
0.0	0.0	0.1	0.0	0.0	0.0	0.0	0.0	0.0	0.21119101723680428	9000	480220.7964654388	782867.3856724811	-0.6134126995888713
0.0	0.0	0.1	0.0	0.0	0.0	0.0	0.0	0.0	0.21473330199421442	9100	482640.36667149304	787144.9432279214	-0.6131531058209979
0.0	0.0	0.1	0.0	0.0	0.0	0.0	0.0	0.0	0.21827558675162456	9200	485002.44134624104	791331.4089591943	-0.6128942132906677
0.0	0.0	0.1	0.0	0.0	0.0	0.0	0.0	0.0	0.2218178715090347	9300	487307.76376104937	795425.6349049467	-0.6126377405717917
0.0	0.0	0.1	0.0	0.0	0.0	0.0	0.0	0.0	0.22536015626644484	9400	489558.9061170083	799426.6274777988	-0.6123875403820022
0.0	0.0	0.1	0.0	0.0	0.0	0.0	0.0	0.0	0.22890244102385499	9500	491755.82022559433	803333.355847011	-0.6121441573991429
0.0	0.0	0.1	0.0	0.0	0.0	0.0	0.0	0.0	0.23244472578126513	9600	493899.41654526535	807144.5202838007	-0.6119095207034362
0.0	0.0	0.1	0.0	0.0	0.0	0.0	0.0	0.0	0.23598701053867527	9700	495990.7591450484	810859.2528613743	-0.611685391015503
0.0	0.0	0.1	0.0	0.0	0.0	0.0	0.0	0.0	0.2395292952960854	9800	498030.6041674267	814476.4159175451	-0.6114733274460408
0.0	0.0	0.1	0.0	0.0	0.0	0.0	0.0	0.0	0.24307158005349555	9900	500021.9839335012	817995.1783093791	-0.611277422156619
0.0	0.0	0.1	0.0	0.0	0.0	0.0	0.0	0.0	0.2466138648109057	10000	501964.51582785964	821414.364059985	-0.6110978061630329
0.0	0.0	0.1	0.0	0.0	0.0	0.0	0.0	0.0	0.25015614956831594	10100	503859.90638078266	824733.0817705807	-0.6109369413181165
0.0	0.0	0.1	0.0	0.0	0.0	0.0	0.0	0.0	0.25369843432572886	10200	505709.1332596437	827950.2959872216	-0.6107964882803166
0.0	0.0	0.1	0.0	0.0	0.0	0.0	0.0	0.0	0.2572407190831418	10300	507511.75804720283	831064.9447837044	-0.6106764113113801
0.0	0.0	0.1	0.0	0.0	0.0	0.0	0.0	0.0	0.2607830038405547	10400	509272.1176501181	834076.2149322776	-0.6105822328136622
0.0	0.0	0.1	0.0	0.0	0.0	0.0	0.0	0.0	0.2643252885979676	10500	510988.40096004226	836983.1154525948	-0.6105121973502746
0.0	0.0	0.1	0.0	0.0	0.0	0.0	0.0	0.0	0.26786757335538053	10600	512664.29947610456	839784.7878151437	-0.610471047957294
0.0	0.0	0.1	0.0	0.0	0.0	0.0	0.0	0.0	0.27140985811279345	10700	514300.16021020326	842480.2707605687	-0.6104595894523522
0.0	0.0	0.1	0.0	0.0	0.0	0.0	0.0	0.0	0.27495214287020636	10800	515896.9311705668	845068.7055694762	-0.6104792755553684
0.0	0.0	0.1	0.0	0.0	0.0	0.0	0.0	0.0	0.2784944276276193	10900	517456.00058089045	847549.2031576278	-0.6105321067532803
0.0	0.0	0.1	0.0	0.0	0.0	0.0	0.0	0.0	0.2820367123850322	11000	518978.9859724761	849920.9043759219	-0.6106203333750814
0.0	0.0	0.1	0.0	0.0	0.0	0.0	0.0	0.0	0.2855789971424451	11100	520467.1478648231	852183.0254732398	-0.6107457345513235
0.0	0.0	0.1	0.0	0.0	0.0	0.0	0.0	0.0	0.28912128189985803	11200	521920.8685736958	854334.7204100888	-0.6109091157189174
0.0	0.0	0.1	0.0	0.0	0.0	0.0	0.0	0.0	0.29266356665727095	11300	523343.30112174654	856375.2236003235	-0.6111144819458189
0.0	0.0	0.1	0.0	0.0	0.0	0.0	0.0	0.0	0.29620585141468386	11400	524734.6753955819	858303.7101208933	-0.6113624690282095
0.0	0.0	0.1	0.0	0.0	0.0	0.0	0.0	0.0	0.2997481361720968	11500	526096.1887367737	860119.4438134123	-0.6116548027379566
0.0	0.0	0.1	0.0	0.0	0.0	0.0	0.0	0.0	0.3032904209295097	11600	527429.5427166664	861821.6943829647	-0.6119938104996163
0.0	0.0	0.1	0.0	0.0	0.0	0.0	0.0	0.0	0.3068327056869226	11700	528736.9160507992	863409.7371679691	-0.6123823872835683
0.0	0.0	0.1	0.0	0.0	0.0	0.0	0.0	0.0	0.31037499044433553	11800	530018.1965061874	864882.8701087802	-0.6128207816620587
0.0	0.0	0.1	0.0	0.0	0.0	0.0	0.0	0.0	0.31391727520174845	11900	530863.3981322311	866239.7538930025	-0.6128365683362565
0.0	0.0	0.1	0.0	0.0	0.0	0.0	0.0	0.0	0.31745955995916136	12000	528075.659483167	867463.5709788374	-0.6087583123373026
0.0	0.0	0.1	0.0	0.0	0.0	0.0	0.0	0.0	0.3210018447165743	12100	512977.43523673725	866644.5113853236	-0.5919121721739717
0.0	0.0	0.1	0.0	0.0	0.0	0.0	0.0	0.0	0.3245441294739872	12200	422910.42684104777	806340.5213905495	-0.5244811783881712
0.0	0.0	0.1	0.0	0.0	0.0	0.0	0.0	0.0	0.3280864142314001	12300	429267.731770274	809409.604576321	-0.530346723517039
0.0	0.0	0.1	0.0	0.0	0.0	0.0	0.0	0.0	0.33162869898881303	12400	435096.58942812437	812543.899594953	-0.5354745628451788
0.0	0.0	0.1	0.0	0.0	0.0	0.0	0.0	0.0	0.33517098374622595	12500	440825.785128212	815597.4434766248	-0.5404943194146319
0.0	0.0	0.1	0.0	0.0	0.0	0.0	0.0	0.0	0.33871326850363886	12600	446311.2059238935	818735.4202363944	-0.5451226304524965
0.0	0.0	0.1	0.0	0.0	0.0	0.0	0.0	0.0	0.3422555532610518	12700	451183.857968558	822073.353065053	-0.5488364952912597
0.0	0.0	0.1	0.0	0.0	0.0	0.0	0.0	0.0	0.3457978380184647	12800	454219.3085675572	825993.6268188027	-0.549906553537124
0.0	0.0	0.1	0.0	0.0	0.0	0.0	0.0	0.0	0.3493401227758776	12900	443064.9616777044	831724.2125627828	-0.5327065810823195
0.0	0.0	0.1	0.0	0.0	0.0	0.0	0.0	0.0	0.35288240753329053	13000	340021.5886194435	727290.38813613	-0.4675183312828276
0.0	0.0	0.1	0.0	0.0	0.0	0.0	0.0	0.0	0.35642469229070345	13100	343824.7319450055	734873.7520688346	-0.4678691149017932
0.0	0.0	0.1	0.0	0.0	0.0	0.0	0.0	0.0	0.35996697704811637	13200	350445.6731894624	738764.9475525642	-0.47436694763394643
0.0	0.0	0.1	0.0	0.0	0.0	0.0	0.0	0.0	0.3635092618055293	13300	357290.8786682369	742105.1352897679	-0.4814558769071534
0.0	0.0	0.1	0.0	0.0	0.0	0.0	0.0	0.0	0.3670515465629422	13400	364183.65434537485	745229.4425103926	-0.4886866159213726
0.0	0.0	0.1	0.0	0.0	0.0	0.0	0.0	0.0	0.3705938313203551	13500	371095.09383801627	748212.0729344669	-0.49597581656573875
0.0	0.0	0.1	0.0	0.0	0.0	0.0	0.0	0.0	0.37413611607776803	13600	377970.3055963286	751086.3583000208	-0.5032314878568845
0.0	0.0	0.1	0.0	0.0	0.0	0.0	0.0	0.0	0.37767840083518095	13700	384778.18597182975	753897.672186783	-0.5103851625589029
0.0	0.0	0.1	0.0	0.0	0.0	0.0	0.0	0.0	0.38122068559259387	13800	391450.03315378475	756633.492967519	-0.5173575275111288
0.0	0.0	0.1	0.0	0.0	0.0	0.0	0.0	0.0	0.3847629703500068	13900	397871.2188867838	759244.7334388784	-0.5240355334237082
0.0	0.0	0.1	0.0	0.0	0.0	0.0	0.0	0.0	0.3883052551074197	14000	403956.0262137935	761702.1172568216	-0.5303333377470348
0.0	0.0	0.1	0.0	0.0	0.0	0.0	0.0	0.0	0.3918475398648326	14100	409847.31909015897	764054.8756601535	-0.5364108418731646
0.0	0.0	0.1	0.0	0.0	0.0	0.0	0.0	0.0	0.39538982462224553	14200	415575.1282417346	766294.8104925534	-0.5423175552691193
0.0	0.0	0.1	0.0	0.0	0.0	0.0	0.0	0.0	0.39893210937965845	14300	420861.07640454423	768276.5537854687	-0.5477989329895185
0.0	0.0	0.1	0.0	0.0	0.0	0.0	0.0	0.0	0.40247439413707137	14400	405359.1343480953	751779.5519083642	-0.5391994678747332
0.0	0.0	0.1	0.0	0.0	0.0	0.0	0.0	0.0	0.4060166788944843	14500	411127.993490443	754063.2409363873	-0.5452168613602074
0.0	0.0	0.1	0.0	0.0	0.0	0.0	0.0	0.0	0.4095589636518972	14600	418040.0591735763	756842.644646533	-0.5523473896860197
0.0	0.0	0.1	0.0	0.0	0.0	0.0	0.0	0.0	0.4131012484093101	14700	424441.09325935063	759621.9639389444	-0.5587530553467062
0.0	0.0	0.1	0.0	0.0	0.0	0.0	0.0	0.0	0.41664353316672303	14800	430635.3641753637	762236.7427455967	-0.5649627471698673
0.0	0.0	0.1	0.0	0.0	0.0	0.0	0.0	0.0	0.42018581792413595	14900	436600.38850656897	764717.0620859774	-0.5709306227791238
0.0	0.0	0.1	0.0	0.0	0.0	0.0	0.0	0.0	0.42372810268154887	15000	441930.8575561894	767194.85057737	-0.5760347025577717
0.0	0.0	0.1	0.0	0.0	0.0	0.0	0.0	0.0	0.4272703874389618	15100	440431.0385391604	766203.0168010286	-0.574822897954647
0.0	0.0	0.1	0.0	0.0	0.0	0.0	0.0	0.0	0.4308126721963747	15200	425603.7765185444	750008.2464308775	-0.5674654626051089
0.0	0.0	0.1	0.0	0.0	0.0	0.0	0.0	0.0	0.4343549569537876	15300	432662.0699524793	753557.1779139944	-0.574159576251638
0.0	0.0	0.1	0.0	0.0	0.0	0.0	0.0	0.0	0.43789724171120054	15400	439176.49823820364	756780.8221515715	-0.5803219180285245
0.0	0.0	0.1	0.0	0.0	0.0	0.0	0.0	0.0	0.44143952646861345	15500	445367.532478945	759810.1677702431	-0.5861563208425219
0.0	0.0	0.1	0.0	0.0	0.0	0.0	0.0	0.0	0.44498181122602637	15600	451172.0210060256	762702.7516890136	-0.5915437174009144
0.0	0.0	0.1	0.0	0.0	0.0	0.0	0.0	0.0	0.4485240959834393	15700	455400.98204120254	765973.9319194223	-0.5945384863164104
0.0	0.0	0.1	0.0	0.0	0.0	0.0	0.0	0.0	0.4520663807408522	15800	438742.7762170052	770273.1977899257	-0.5695937200928834
0.0	0.0	0.1	0.0	0.0	0.0	0.0	0.0	0.0	0.4556086654982651	15900	270475.7678590352	665097.4865686122	-0.4066708615220915
0.0	0.0	0.1	0.0	0.0	0.0	0.0	0.0	0.0	0.45915095025567804	16000	285318.7955213713	667692.3311331489	-0.4273207617004576
0.0	0.0	0.1	0.0	0.0	0.0	0.0	0.0	0.0	0.46269323501309095	16100	294495.9750646076	670782.1504683846	-0.43903370842377215
0.0	0.0	0.1	0.0	0.0	0.0	0.0	0.0	0.0	0.46623551977050387	16200	302902.44419097336	673492.375470383	-0.44974888391189155
0.0	0.0	0.1	0.0	0.0	0.0	0.0	0.0	0.0	0.4697778045279168	16300	311043.41872961546	676149.6113209209	-0.4600215891893561
0.0	0.0	0.1	0.0	0.0	0.0	0.0	0.0	0.0	0.4733200892853297	16400	319007.5179281724	678804.3682673769	-0.46995501626253133
0.0	0.0	0.1	0.0	0.0	0.0	0.0	0.0	0.0	0.4768623740427426	16500	326778.85305214964	681443.01014974	-0.47953951861703503
0.0	0.0	0.1	0.0	0.0	0.0	0.0	0.0	0.0	0.48040465880015554	16600	334323.70393963123	683994.8520610175	-0.48878102361771436
0.0	0.0	0.1	0.0	0.0	0.0	0.0	0.0	0.0	0.48394694355756845	16700	341268.9031802914	686216.923127122	-0.4973192756965441
0.0	0.0	0.1	0.0	0.0	0.0	0.0	0.0	0.0	0.48748922831498137	16800	342916.3925200674	685725.356006469	-0.5000783324057692
0.0	0.0	0.1	0.0	0.0	0.0	0.0	0.0	0.0	0.4910315130723943	16900	327231.6254275901	668182.0487443204	-0.48973423641437147
0.0	0.0	0.1	0.0	0.0	0.0	0.0	0.0	0.0	0.4945737978298072	17000	334844.1541845643	671441.1343851963	-0.4986947284532451
0.0	0.0	0.1	0.0	0.0	0.0	0.0	0.0	0.0	0.4981160825872201	17100	342900.39684823167	673943.9098277314	-0.5087966399694618
