# exz		ezz		i		sxz		szz		tanPhi		tens_media
0.0	0.9952581884239017	100	0.012510156219602398	0.0024530029069437607	-5.099935342183928	-0.02597781632577469
0.0	0.9905388616248267	200	0.04136501392360901	0.17205752139212194	0.2404138661822139	-0.15387521636340798
0.0	0.985841912984199	300	0.10159869383696468	0.6152263904354718	-0.16514033763254324	-0.678280097714163
0.0	0.9811672363890075	400	0.12930837925587838	0.3539132762079678	-0.36536741611211476	-0.22911242155550124
0.0	0.9765147262294096	500	0.4842757763122874	1.1227377694301997	0.4313347154590355	-0.7874666575912502
0.0	0.971884277396345	600	0.3338956336222507	0.16631923829512885	2.007558698830512	-0.7752988827829262
0.0	0.967275785279159	700	0.3512850369545971	0.5741551716726567	-0.6118294396464574	-0.5931574406844514
0.0	0.962689145763243	800	0.594249059233483	1.2858494205442244	-0.4621451390334433	-0.7971742995522693
0.0	0.9581242552276789	900	0.4659425653701975	1.1848826774330574	-0.3932394103183452	-1.5139120318179764
0.0	0.9535810105428995	1000	0.16754823436905195	0.7291764628189817	-0.22977734871105657	-0.6592117063231872
0.0	0.9490593090683601	1100	0.21121862136431865	0.22609500826296705	-0.9342029396715121	-0.14633961625893238
0.0	0.9445590486502153	1200	0.6968362833645915	0.8838528008195352	0.7884076202716829	-1.9524474728179928
0.0	0.9400801276190177	1300	0.9631635348756449	2.6139050798406473	-0.3684768595095131	-1.7182459254243279
0.0	0.9356224447874143	1400	0.2125907332294229	1.2728510617268427	0.16701933134345412	-1.0350238623524632
0.0	0.9311858994478643	1500	2.436068252229651	2.6852770560700807	0.9071943793370997	-4.001835419307706
0.0	0.9267703913703628	1600	0.5740352408816038	0.6953641769394259	0.8255174193875806	-0.8200712190057139
0.0	0.9223758208001773	1700	0.252417789626856	4.283446934932348	-0.05892866036657056	-3.051367575429859
0.0	0.9180020884555941	1800	0.40078290890664325	2.5795698629652786	-0.15536811569272	-2.651930999165707
0.0	0.9136490955256725	1900	0.9386957673036578	1.4726555697923918	0.6374170488731393	-1.6924630135526053
0.0	0.9093167436680177	2000	0.08660213320876561	1.538838745134289	0.05627758820253005	-2.4461126745289885
0.0	0.905004935006553	2100	0.3335528658565571	4.486841043212737	-0.07434024576402677	-5.091481653712446
0.0	0.9007135721293127	2200	2.501423435627043	3.939634910007103	-0.634937879465215	-3.810627742255816
0.0	0.8964425580862412	2300	2.7514742977018707	6.714213775576018	-0.40979843503207786	-5.865153931581376
0.0	0.8921917963870014	2400	0.9923272522991812	3.035192207346352	-0.32694049816593534	-3.2116347564506067
0.0	0.8879611909987939	2500	1.3875595406957384	5.560221636415273	-0.24955112069782728	-3.628190098311953
0.0	0.88375064634419	2600	2.0908114961075355	4.2606528348486625	0.49072561815090965	-4.109779043796446
0.0	0.8795600672989713	2700	1.3935534542210501	6.763221079686489	-0.20604878027817608	-6.157351658015404
0.0	0.8753893591899795	2800	1.8829622914192181	6.390932764024203	-0.2946302771355657	-6.1678443437381345
0.0	0.871238427792979	2900	5.670319388622993	14.451774728722116	0.39236145698794633	-12.848405125525156
0.0	0.8671071793305287	3000	0.1217055882917474	9.45695338941086	-0.012869428798076088	-9.610691750753503
0.0	0.8629955204698612	3100	1.9696178011776673	14.30306529941053	-0.13770599238324394	-16.11102755192662
0.0	0.8589033583207771	3200	2.0553560930393657	22.260498156535743	0.09233198999349022	-20.60585750278636
0.0	0.8548306004335415	3300	1.0932666669574373	15.233184084475852	-0.07176875569117465	-16.47298100599629
0.0	0.8507771547968025	3400	0.7577293198839198	49.91045943067412	-0.01518177409158915	-41.45357197083582
0.0	0.8467429298355065	3500	1.2526656469951325	26.247381462685027	0.047725356861826496	-32.214840914962224
0.0	0.8427278344088329	3600	4.873792350573258	59.63993586849061	-0.08172028154624852	-49.72568144823409
0.0	0.8387317778081329	3700	5.818079050054643	86.08899163214458	-0.06758214888745709	-73.19065399187747
0.0	0.8347546697548811	3800	16.489281591776262	138.1275260123097	0.1193772310835913	-121.8505491427325
0.0	0.8307964203986358	3900	5.99177555967529	137.35215481116478	-0.04362345511006314	-120.61585999018293
0.0	0.8268569403150084	4000	1.1038262788018582	159.9268641351566	0.006902069172499988	-155.7726858269945
0.0	0.8229361405036452	4100	7.418618852298703	245.6641453022539	-0.03019821571101137	-218.19001029668996
0.0	0.8190339323862155	4200	34.03888020138784	341.29203737988917	0.09973534824517298	-316.56469210246655
0.0	0.8151502278044088	4300	27.991280184368545	568.8394405465515	0.049207699377304084	-513.6374134278499
0.0	0.8112849390179467	4400	15.560224746230189	518.0790513330643	0.030034460390151507	-487.20313333006897
0.0	0.8074379787025977	4500	33.403674190386894	849.5546115901847	0.03931904286631127	-831.648598158719
0.0	0.8036092599482041	4600	21.201181386876005	1135.5261808140506	-0.01867079926917848	-1157.9445941001777
0.0	0.799798696256722	4700	23.031819328255008	1706.212399300769	-0.013498799643991444	-1767.0769335029356
0.0	0.7960062015402637	4800	8.248324355130006	2361.6313910639706	0.0034926383458232834	-2409.599916291816
0.0	0.7922316901191536	4900	70.39944688642422	3072.591025621707	-0.02291207853546979	-3273.7273615746235
0.0	0.7884750767199948	5000	199.20678029746128	5003.3761543069895	-0.03981447209920061	-5070.967161449386
0.0	0.784736276473739	5100	30.19721073794742	6617.7398101440385	-0.004563070112194417	-6575.204605681941
0.0	0.7810152049137714	5200	479.3699721997959	11825.54268468204	-0.04053682651035858	-11718.261681231257
0.0	0.7773117779740024	5300	772.3231660671603	15312.674472738774	-0.0504368565688594	-15374.93957305568
0.0	0.7736259119869678	5400	772.6720129555599	21759.123098702268	-0.035510255144502706	-21744.589668576165
0.0	0.7699575236819388	5500	518.3921048674267	32575.036511514714	-0.015913784307937277	-31745.703679155456
0.0	0.7663065301830396	5600	448.9382193388579	46514.22335891463	-0.009651633133262177	-45754.50965602138
0.0	0.7626728490073783	5700	214.62311734835424	60929.54767793417	0.0035224800696506842	-60573.430312429846
0.0	0.7590563980631787	5800	859.9587321563569	74225.9207114013	0.011585693028988793	-75344.22938428739
0.0	0.7554570956479313	5900	1247.824395870179	95604.84962103433	-0.013051894342351867	-94657.2240879399
0.0	0.7518748604465432	6000	139.9596999337051	112644.28720681094	-0.0012424926590084771	-113861.95798540172
0.0	0.7483096115295009	6100	1459.4250872775244	137853.1439166612	-0.010586810324469759	-135117.4403401405
0.0	0.7447612683510444	6200	321.71019188042783	159869.2504441434	-0.002012333147160341	-158582.6261832377
0.0	0.7412297507473479	6300	786.9325488974384	189080.17542553114	0.004161898766628606	-185313.96268883173
0.0	0.7377149789347054	6400	381.5470500783451	213097.41111281986	0.0017904818650112233	-208394.3913557079
0.0	0.7342168735077315	6500	3949.3133749702943	249648.6246635812	0.015819487811287836	-240280.28985273733
0.0	0.7307353554375661	6600	5028.54862031041	289875.6644232966	0.01734726035148426	-276656.2798740838
0.0	0.7272703460700883	6700	6662.959391256327	329378.4222517973	0.020228888540132564	-313920.40906806797
0.0	0.7238217671241401	6800	5886.5267234203375	374360.1215157245	0.015724235529112257	-351819.6002436105
0.0	0.720389540689759	6900	7522.303621804498	422051.8199315482	0.01782317541723793	-394449.2778958815
0.0	0.7169735892264163	7000	7808.752437754023	465393.35086316656	0.016778822523508565	-435924.1869994356
0.0	0.7135738355612656	7100	11036.670940888836	513052.4651749625	0.021511778404816908	-479596.36348168604
0.0	0.7101902028874004	7200	11459.238195639206	565207.737948273	0.02027438307415377	-526407.270697867
0.0	0.7068226147621176	7300	13123.383344095724	620517.2261360809	0.021149103991542913	-575941.8631447727
0.0	0.7034709951051908	7400	13368.41457492863	678324.692882825	0.019707987509807363	-628146.8808560168
0.0	0.7001352681971517	7500	13884.910969677885	734225.9339967773	0.018910951420763666	-680299.0389553191
0.0	0.6968153586775794	7600	11800.230725424404	796158.7087195781	0.014821455315614296	-735483.1440444082
0.0	0.6935111915433989	7700	10485.142965117053	859182.4132254339	0.012203628477164769	-789663.0222012158
0.0	0.6902226921471847	7800	5959.373304325216	921373.212225211	0.006467925510806547	-841713.7355141536
0.0011446723809612068	0.688093534157626	7900	5655.008744504441	964653.0318863473	0.0058622204643324	-880141.9042027164
0.0044151648979932345	0.688093534157626	8000	9196.958171768949	964473.2119710487	-0.009535732104962828	-880228.8523045146
0.007685657415025263	0.688093534157626	8100	23995.477934287286	964415.5392832682	-0.024880849547613246	-880286.9240971803
0.01095614993205729	0.688093534157626	8200	38733.74303796652	964372.7365083302	-0.040164701439205336	-880269.8332316681
0.014226642449089319	0.688093534157626	8300	53370.102433998574	964414.2543230932	-0.05533939610987831	-880209.475479193
0.017497134966121347	0.688093534157626	8400	67956.73562080746	964476.7699569246	-0.07045969144891125	-880094.4504910664
0.020767627483153375	0.688093534157626	8500	82454.5407244678	964607.8214477376	-0.08547985916257178	-879954.8359524896
0.024038120000185403	0.688093534157626	8600	96876.1974771631	964889.6961207193	-0.10040131827155788	-879826.8039795129
0.02730861251721743	0.688093534157626	8700	111161.1048547811	965163.7840279253	-0.11517330705351543	-879655.0886537605
0.03057910503424946	0.688093534157626	8800	125350.28880571337	965448.8226212355	-0.1298362853303626	-879439.5226191558
0.03384959755128121	0.688093534157626	8900	139397.26713530018	965809.6447895318	-0.1443320305272759	-879225.5548241459
0.03712009006831289	0.688093534157626	9000	153273.07981578304	966196.9901726033	-0.15863543498350377	-878965.3633454377
0.04039058258534457	0.688093534157626	9100	167053.68918342452	966606.0271887352	-0.17282500262209347	-878654.971652683
0.043661075102376254	0.688093534157626	9200	180680.81224757672	967032.9303315054	-0.1868403924834681	-878298.8179925283
0.046931567619407935	0.688093534157626	9300	194117.4703038577	967509.0554513102	-0.20063633431659042	-877902.2225730248
0.050202060136439616	0.688093534157626	9400	207338.85664531912	968140.7741808991	-0.21416188861660052	-877510.2895359314
0.0534725526534713	0.688093534157626	9500	220365.98149727526	968880.344888305	-0.22744395906047576	-877149.4029279101
0.05674304517050298	0.688093534157626	9600	233190.02421067702	969761.507454689	-0.24046120867668339	-876811.8757033054
0.06001353768753466	0.688093534157626	9700	245903.81380646085	970715.387562807	-0.25332225795230884	-876441.0890420448
0.06328403020456651	0.688093534157626	9800	258492.97179990678	971883.05031615	-0.26597127269152393	-876109.2706709442
0.06655452272159888	0.688093534157626	9900	270842.57088172704	973170.6097856481	-0.27830944354287807	-875826.4156501625
0.06982501523863126	0.688093534157626	10000	283083.3173473029	974499.438583923	-0.29049100095805136	-875562.0235170604
0.07309550775566363	0.688093534157626	10100	295156.78630493954	976017.4824626164	-0.3024093232021023	-875331.4825755152
0.07636600027269601	0.688093534157626	10200	306942.0088931357	977646.358461566	-0.31396016180752995	-875099.2199040143
0.07963649278972838	0.688093534157626	10300	318543.1465311615	979342.1181090785	-0.32526237832618404	-874914.8289873159
0.08290698530676076	0.688093534157626	10400	329935.69344120706	981082.8194540315	-0.3362974938495151	-874710.241226191
0.08617747782379313	0.688093534157626	10500	341251.3998438678	982895.6385519985	-0.347189860712577	-874521.7941288627
0.08944797034082551	0.688093534157626	10600	352386.93827307934	984844.3929302482	-0.3578097624383157	-874338.0189613965
0.09271846285785788	0.688093534157626	10700	363233.63659020246	986918.820200505	-0.36804814049083284	-874184.228407517
0.09598895537489026	0.688093534157626	10800	373890.89269217395	989140.2544253817	-0.37799583124779135	-874099.4468378732
0.09925944789192263	0.688093534157626	10900	384345.94855338044	991413.0968736291	-0.38767487515082855	-873998.3961971654
0.10252994040895501	0.688093534157626	11000	394601.2331081754	993760.1722619098	-0.39707893727519655	-873857.9798206813
0.10580043292598738	0.688093534157626	11100	404640.51596105605	996090.5994700507	-0.40622862636826074	-873697.837648586
0.10907092544301976	0.688093534157626	11200	414404.75891348475	998539.1277924415	-0.41501103700327285	-873550.9101783913
0.11234141796005213	0.688093534157626	11300	423902.0733098419	1001106.6364497943	-0.4234334863797506	-873477.460068989
0.11561191047708451	0.688093534157626	11400	433089.4945479018	1003789.8203006691	-0.4314543600553518	-873448.8061618943
0.11888240299411688	0.688093534157626	11500	442079.28464491	1006509.0824418984	-0.4392203630913876	-873459.2855726001
0.12215289551114926	0.688093534157626	11600	450956.7635353849	1009388.8282207821	-0.4467621900772096	-873524.3932213075
0.12542338802818162	0.688093534157626	11700	459610.5365682346	1012348.2487553244	-0.4540043775778965	-873570.5785656795
0.128693880545214	0.688093534157626	11800	468085.3335301735	1015392.9101578642	-0.4609893656411288	-873597.4661692838
0.13196437306224637	0.688093534157626	11900	476305.8985126426	1018435.8828943676	-0.4676837359255194	-873616.1257247756
0.13523486557927875	0.688093534157626	12000	484194.1532787096	1021596.8686625776	-0.4739581415442197	-873680.4559868119
0.13850535809631112	0.688093534157626	12100	491977.94307036	1024806.6911145494	-0.4800690191974638	-873714.0897397766
0.1417758506133435	0.688093534157626	12200	499489.6241228797	1028059.4953286387	-0.4858567294913301	-873767.2646753147
0.14504634313037587	0.688093534157626	12300	506618.8234498332	1031474.1902920482	-0.49115996136208784	-873922.505084809
0.14831683564740825	0.688093534157626	12400	513476.8144236397	1034953.8846810841	-0.4961349698995188	-874166.3668557595
0.15158732816444062	0.688093534157626	12500	520092.41729367466	1038455.4653731396	-0.5008326641208385	-874434.7358765366
0.154857820681473	0.688093534157626	12600	526494.2038447182	1042023.178543387	-0.5052615092311945	-874693.1651260484
0.15812831319850537	0.688093534157626	12700	532641.2999679745	1045587.8893162153	-0.5094180081947074	-874958.8004134018
0.16139880571553775	0.688093534157626	12800	538634.2737381625	1049179.5356652278	-0.5133861797987165	-875216.0105629056
0.16466929823257012	0.688093534157626	12900	544366.2586217492	1052727.5982890974	-0.5171007765982941	-875457.580149907
0.1679397907496025	0.688093534157626	13000	549750.7110081611	1056272.4611587697	-0.5204629782784116	-875751.3827252422
0.17121028326663487	0.688093534157626	13100	554966.3652313487	1059881.9236642083	-0.5236115012818853	-876110.6825006153
0.17448077578366725	0.688093534157626	13200	559970.6636601135	1063444.0148507238	-0.5265633694301405	-876500.354036681
0.17775126830069962	0.688093534157626	13300	564799.4028516195	1067076.717875681	-0.5292959666255422	-876926.5801412212
0.181021760817732	0.688093534157626	13400	569362.3942992847	1070878.6744369487	-0.5316777781560049	-877412.9492585411
0.18429225333476437	0.688093534157626	13500	573785.2681995681	1074784.451256912	-0.5338607825304433	-877930.899902647
0.18756274585179675	0.688093534157626	13600	578280.1250120781	1078826.106482625	-0.5360271887537897	-878515.3943320004
0.19083323836882912	0.688093534157626	13700	582710.7417275416	1082934.5056882363	-0.5380849337303293	-879128.2914404419
0.1941037308858615	0.688093534157626	13800	586849.2782150125	1086975.9567788192	-0.5398916825668355	-879717.486388197
0.19737422340289387	0.688093534157626	13900	590854.186101009	1091113.91647268	-0.5415146642168258	-880338.3755658524
0.20064471591992625	0.688093534157626	14000	594663.6547363787	1095444.9697584356	-0.5428512350259933	-881038.3423290123
0.20391520843695862	0.688093534157626	14100	598372.5021235108	1099905.9296331112	-0.5440215258436748	-881793.0331520993
0.207185700953991	0.688093534157626	14200	601933.475592566	1104559.899447034	-0.5449532215445323	-882588.3255541845
0.21045619347102337	0.688093534157626	14300	605275.553953157	1109283.0717160436	-0.5456457142330724	-883411.5984279722
0.21372668598805575	0.688093534157626	14400	608295.521598228	1114102.427602956	-0.5459960471560991	-884272.801585997
0.21699717850508812	0.688093534157626	14500	610964.4448623004	1118918.709679747	-0.5460311277100447	-885109.3087673459
0.2202676710221205	0.688093534157626	14600	612902.4200754041	1123691.7140832862	-0.5454364505796977	-885931.7609655574
0.22353816353915287	0.688093534157626	14700	614608.6146956133	1128399.5325757354	-0.5446728724644897	-886704.1490000505
0.22680865605618525	0.688093534157626	14800	615915.4109733038	1133043.9700528996	-0.543593564991611	-887508.1489779097
0.23007914857321762	0.688093534157626	14900	616979.0206125132	1137735.217470715	-0.5422870024047525	-888383.0045461451
0.23334964109025	0.688093534157626	15000	617426.7518067154	1142754.4501851532	-0.5402969568017676	-889391.002647535
0.23662013360728237	0.688093534157626	15100	616183.0668502233	1148074.3356275228	-0.536710078545067	-890661.4205266662
0.23989062612431475	0.688093534157626	15200	613451.3740983965	1152531.1009097907	-0.5322644860638878	-891747.0548417843
0.24316111864134712	0.688093534157626	15300	610340.2491429746	1156512.5936387745	-0.5277419826641407	-892889.6154713669
0.2464316111583795	0.688093534157626	15400	608855.7866261649	1160526.0410894211	-0.5246377634530401	-893920.8215511016
0.24970210367541187	0.688093534157626	15500	605866.9923991516	1164734.7974124097	-0.5201759179387048	-894965.8158275218
0.2529725961924442	0.688093534157626	15600	598622.0056109456	1169528.2011298717	-0.5118491414167027	-896327.6863629697
0.2562430887094766	0.688093534157626	15700	581383.6872199806	1173690.8486201805	-0.4953465283498371	-898245.0430843042
0.25951358122650897	0.688093534157626	15800	552102.1063085668	1180262.8658161291	-0.467778934929719	-902536.4835638384
0.26278407374354135	0.688093534157626	15900	504553.2425491469	1186293.5504785548	-0.4253190471663682	-907787.5148822834
0.2660545662605737	0.688093534157626	16000	449439.20609449723	1189529.4781817656	-0.3778293975374865	-911026.6211872519
0.2693250587776061	0.688093534157626	16100	410886.98586102313	1188422.805294716	-0.34574141797887126	-912962.3330664192
0.27259555129463847	0.688093534157626	16200	377379.6339728739	1183750.3285514838	-0.3188000246932653	-912672.1107870877
0.27586604381167085	0.688093534157626	16300	374204.9792401272	1183773.940951872	-0.3161118574203696	-912525.723046621
0.2791365363287032	0.688093534157626	16400	352822.05489414267	1180487.321317577	-0.2988783094259305	-912613.0322673041
0.2824070288457356	0.688093534157626	16500	350612.1777164546	1180278.0092533336	-0.2970589767560429	-912745.1250932231
0.28567752136276797	0.688093534157626	16600	343541.82395673724	1180075.728037795	-0.29111845604008085	-913200.6866809679
0.28894801387980035	0.688093534157626	16700	320217.875318495	1174113.3701246236	-0.27273164880535017	-913692.9870931177
0.2922185063968327	0.688093534157626	16800	316231.98068225576	1172195.2224362472	-0.26977757171285077	-914434.2978921467
0.2954889989138651	0.688093534157626	16900	308881.74581555324	1168333.2610113146	-0.2643781154943614	-914990.9896757541
0.2987594914308975	0.688093534157626	17000	309148.9541964774	1166441.940006387	-0.2650358698477394	-915219.7494194981
0.30202998394792985	0.688093534157626	17100	312934.7621890738	1166162.7659330266	-0.2683456986715745	-915638.5332589849
0.3053004764649622	0.688093534157626	17200	316972.0989499274	1165957.928874922	-0.2718555199121001	-916050.7462878028
0.3085709689819946	0.688093534157626	17300	321288.33258848486	1165678.8168063178	-0.27562337751726357	-916519.2526948309
0.311841461499027	0.688093534157626	17400	324916.1637709611	1164727.808998376	-0.27896317170479284	-916908.8868474296
0.31511195401605935	0.688093534157626	17500	329480.0821563535	1164042.4533152936	-0.2830481665148601	-917233.8956935438
0.3183824465330917	0.688093534157626	17600	333883.24018397543	1163123.632373589	-0.28705739518216056	-917418.1637511257
0.3216529390501241	0.688093534157626	17700	338635.48475678504	1162526.1194230355	-0.29129279686623355	-917676.5556956147
0.3249234315671565	0.688093534157626	17800	343856.6820467983	1162319.7703126715	-0.2958365596365092	-917917.0170684801
0.32819392408418885	0.688093534157626	17900	349579.0761935829	1162328.3665951793	-0.30075758816556164	-918082.8397678655
0.3314644166012212	0.688093534157626	18000	354640.75463463133	1162252.8705365132	-0.30513218218245736	-918275.9778624302
0.3347349091182536	0.688093534157626	18100	359294.42558175354	1161884.4307076782	-0.30923421993262723	-918374.5302253132
0.338005401635286	0.688093534157626	18200	363018.45154299185	1160986.9653130774	-0.3126809020160692	-918385.8773375439
0.34127589415231835	0.688093534157626	18300	366126.114571127	1158615.9570808504	-0.31600299679419835	-917904.1755461982
0.3445463866693507	0.688093534157626	18400	369465.76410239784	1156281.3660635469	-0.3195292901417325	-917360.4670667512
0.3478168791863831	0.688093534157626	18500	374769.2857283612	1156512.8173977176	-0.3240511303382126	-917552.1271285415
0.3510873717034155	0.688093534157626	18600	380190.6881394022	1156826.9876893968	-0.3286495666035428	-917792.1227868218
0.35435786422044785	0.688093534157626	18700	385711.9009423222	1157080.6000195285	-0.3333492074241089	-917879.1113833912
0.3576283567374802	0.688093534157626	18800	391293.6755532003	1157327.8761107526	-0.33810096829963054	-917858.394769803
0.3608988492545126	0.688093534157626	18900	397421.1600672866	1158074.5856994325	-0.34317406234008624	-917969.5165424793
0.364169341771545	0.688093534157626	19000	403382.2863666483	1158834.4790597984	-0.3480931001413817	-918059.9303663909
0.36743983428857735	0.688093534157626	19100	409145.89850247116	1159514.8761873874	-0.3528595509251144	-918154.828551938
0.3707103268056097	0.688093534157626	19200	414735.1073867778	1159937.0581754046	-0.3575496657026902	-918202.8651725971
0.3739808193226421	0.688093534157626	19300	420534.84446855576	1160409.3178226603	-0.36240216103885514	-918246.362848959
0.3772513118396745	0.688093534157626	19400	425649.8345062865	1160696.8006736937	-0.36671922784591987	-918284.0322480104
0.38052180435670685	0.688093534157626	19500	431727.5215713699	1161479.065695917	-0.3717049530399363	-918296.2000997998
0.3837922968737392	0.688093534157626	19600	437725.66392706777	1162425.0089174723	-0.37656249699471545	-918325.2680595819
0.3870627893907716	0.688093534157626	19700	443445.34183501767	1163197.4806080307	-0.3812296271508586	-918300.0258966828
0.390333281907804	0.688093534157626	19800	448833.89695603563	1164130.10291529	-0.38555303726966317	-918299.9481669472
0.39360377442483635	0.688093534157626	19900	453801.3486616236	1165025.9791262785	-0.3895203684659083	-918345.2675200017
0.3968742669418687	0.688093534157626	20000	458224.3706029858	1165960.7115684128	-0.39300155318835495	-918394.4204992655
0.4001447594589011	0.688093534157626	20100	462255.7886854487	1167129.0825427072	-0.39606226560508484	-918451.3827759492
0.4034152519759335	0.688093534157626	20200	465898.1814865348	1168448.306422173	-0.3987323862988259	-918480.9377967223
0.40668574449296585	0.688093534157626	20300	468503.7543092654	1169603.7221080482	-0.4005662306416506	-918504.9033858656
0.4099562370099982	0.688093534157626	20400	470674.8723736949	1170313.2865271065	-0.4021785258632909	-918456.4252032088
0.4132267295270306	0.688093534157626	20500	469915.9340657571	1170256.9882679323	-0.4015493509346761	-918144.7393195467
0.416497222044063	0.688093534157626	20600	464310.83149241155	1169786.3279151814	-0.3969193522033348	-917636.667515787
0.41976771456109535	0.688093534157626	20700	465881.2494563081	1170475.4111302646	-0.3980273699269187	-917373.1615160544
0.4230382070781277	0.688093534157626	20800	463067.8190761141	1170228.7457956946	-0.39570709636025225	-916992.8242581728
0.4263086995951601	0.688093534157626	20900	456871.42205703445	1169781.9594263416	-0.3905611796929089	-916701.3896236587
0.4295791921121925	0.688093534157626	21000	442936.62730006635	1168265.0343429039	-0.3791405325669086	-915918.8595883843
0.43284968462922485	0.688093534157626	21100	441236.6755659299	1168519.425202934	-0.3776032011528618	-915421.5985105493
0.4361201771462572	0.688093534157626	21200	436957.25411562785	1169640.3072562118	-0.3735825889419452	-915340.5150484527
0.4393906696632896	0.688093534157626	21300	439264.30762207555	1171989.5876822898	-0.3748022271176986	-915600.9907965573
0.442661162180322	0.688093534157626	21400	440653.2529975118	1174201.7453369368	-0.37527899677160376	-915865.2877768175
0.44593165469735435	0.688093534157626	21500	439603.0959596628	1175977.3557505945	-0.3738193544373786	-916067.0466918614
0.4492021472143867	0.688093534157626	21600	438895.43970257253	1177811.203783033	-0.3726364958092404	-916388.6024781726
0.4524726397314191	0.688093534157626	21700	437729.3155392825	1179395.553786175	-0.3711471644386435	-917033.4056224478
0.4557431322484515	0.688093534157626	21800	438565.85010464967	1181595.7785941092	-0.3711640292304241	-917639.330313824
0.45901362476548385	0.688093534157626	21900	438704.68680148	1183778.279289618	-0.3705970066157537	-918336.0663383687
0.4622841172825162	0.688093534157626	22000	436925.70452557824	1185534.1120005979	-0.3685475602117115	-918825.3345361254
0.4655546097995486	0.688093534157626	22100	433343.28585549677	1186264.4958668642	-0.36530072961412424	-918960.9848002046
0.468825102316581	0.688093534157626	22200	432037.6113493574	1187321.2255139176	-0.3638759268051956	-919108.8902958744
0.47209559483361335	0.688093534157626	22300	430381.8017336399	1188166.8121071754	-0.3622233825655942	-919448.5248417916
0.4753660873506457	0.688093534157626	22400	428874.8310983388	1189028.3799799639	-0.3606935194478417	-919910.9506468583
0.4786365798676781	0.688093534157626	22500	430485.12090175156	1190289.1033655838	-0.36166433825575645	-920284.5078967204
0.4819070723847105	0.688093534157626	22600	428883.5739180808	1190499.6396365983	-0.3602551060401817	-920655.1940488921
0.48517756490174285	0.688093534157626	22700	424117.1126453815	1189834.319283688	-0.3564505627142368	-920725.1368949249
0.48844805741877523	0.688093534157626	22800	416459.641810621	1189717.9754036271	-0.35004904558942357	-920592.7612149407
0.4917185499358076	0.688093534157626	22900	401436.54483177897	1185482.0104488314	-0.3386272767477867	-919590.2972417782
0.49498904245284	0.688093534157626	23000	403745.84815339657	1185621.0288114594	-0.34053532987529467	-919228.508937596
0.49825953496987235	0.688093534157626	23100	405356.03490994615	1186130.4193245352	-0.3417465974279489	-918983.6387698543
0.5015300274869021	0.688093534157626	23200	407694.75594736275	1187032.4043389664	-0.343457141066338	-918845.2273127292
0.5048005200039289	0.688093534157626	23300	409162.8503685626	1188133.6860540078	-0.34437442113728917	-918700.0646570463
0.5080710125209558	0.688093534157626	23400	410456.6628651217	1189525.3037137059	-0.3450592110850213	-918609.4468889864
0.5113415050379826	0.688093534157626	23500	409865.03825326316	1190263.1481992705	-0.344348255151259	-918320.7535213883
0.5146119975550094	0.688093534157626	23600	409755.3826855749	1190953.3925077887	-0.34405660646614694	-918066.6146397312
0.5178824900720362	0.688093534157626	23700	409657.94189059304	1191729.963020513	-0.3437506436880128	-917838.6226272791
0.5211529825890631	0.688093534157626	23800	410824.77254603594	1193351.5525437307	-0.3442613131648657	-918037.2440718146
0.5244234751060899	0.688093534157626	23900	411237.9270357965	1195368.3773751894	-0.34402610510644416	-918443.2048242335
0.5276939676231167	0.688093534157626	24000	407830.3319253302	1196724.756410752	-0.3407887484073661	-918998.7864312646
0.5309644601401435	0.688093534157626	24100	405803.19369361363	1198328.3800761783	-0.33864106069808386	-919744.0387595077
0.5342349526571704	0.688093534157626	24200	404284.1729233973	1199873.346169233	-0.3369390396195833	-920261.0763540864
0.5375054451741972	0.688093534157626	24300	398650.5681840466	1201658.2284805416	-0.33175037521952266	-920593.020416786
0.540775937691224	0.688093534157626	24400	397906.26056662947	1202948.1795173446	-0.33077589487377607	-921012.0633628565
0.5440464302082508	0.688093534157626	24500	396742.79601527937	1204093.0854775985	-0.3294951202696368	-921476.735844932
0.5473169227252777	0.688093534157626	24600	395260.0687773165	1205109.9288717315	-0.32798673324961614	-921708.2104987834
0.5505874152423045	0.688093534157626	24700	397010.0063604353	1206183.2529150443	-0.32914567948192036	-921804.6542361202
0.5538579077593313	0.688093534157626	24800	398494.2151168152	1206864.1593645606	-0.3301897831870579	-921802.0483192062
0.5571284002763581	0.688093534157626	24900	398304.9553181201	1206621.315891062	-0.3300993858408519	-921696.345660626
0.560398892793385	0.688093534157626	25000	398054.40649225615	1206107.2190582673	-0.3300323555007476	-921566.6175943268
0.5636693853104118	0.688093534157626	25100	397748.7782546268	1205505.992378556	-0.32994342688404055	-921308.7509379584
0.5669398778274386	0.688093534157626	25200	398685.2886879778	1205764.5074779373	-0.3306493815462327	-921252.0095213382
0.5702103703444654	0.688093534157626	25300	399421.43348649796	1205849.761978628	-0.33123648242141224	-921187.5705883027
0.5734808628614922	0.688093534157626	25400	397980.73082291824	1204923.7584317385	-0.3302953635347914	-920923.0928893428
0.5767513553785191	0.688093534157626	25500	396744.1712027389	1203796.7567026168	-0.3295773717562438	-920429.77578147
0.5800218478955459	0.688093534157626	25600	394761.8368135317	1202277.8617313048	-0.328344927057932	-919674.9836834342
0.5832923404125727	0.688093534157626	25700	390242.97986998095	1200260.2102648912	-0.32513198099256857	-919296.4068773193
0.5865628329295995	0.688093534157626	25800	385155.1363826677	1199005.93561107	-0.321228715341075	-919534.1414387459
0.5898333254466264	0.688093534157626	25900	385200.75214025413	1198605.0323108025	-0.3213742156560296	-919755.5051397473
0.5931038179636532	0.688093534157626	26000	383075.3470035476	1197888.3811891072	-0.3197921885036404	-920133.9805928607
0.59637431048068	0.688093534157626	26100	381376.80938690464	1198395.7793528715	-0.3182394463979558	-920548.9275578158
0.5996448029977068	0.688093534157626	26200	378723.7053741249	1198766.576752161	-0.315927815071561	-920951.5757630725
0.6029152955147337	0.688093534157626	26300	378929.03252831986	1199315.3887755987	-0.3159544487419401	-921230.6905720094
0.6061857880317605	0.688093534157626	26400	379747.45210919646	1199244.741208098	-0.3166555074710151	-921329.6237807946
0.6094562805487873	0.688093534157626	26500	381582.955271096	1198980.3694340894	-0.3182562158638182	-921305.8097049044
0.6127267730658141	0.688093534157626	26600	379807.7238287635	1197416.4265887884	-0.31718933814092015	-921063.8521328863
0.615997265582841	0.688093534157626	26700	380212.3031763731	1196415.7672719504	-0.3177927887421006	-920767.907968877
0.6192677580998678	0.688093534157626	26800	378628.6650882887	1196058.7834514512	-0.31656359229743286	-920986.113220294
0.6225382506168946	0.688093534157626	26900	372984.6798939016	1195550.9688426638	-0.31197723025975554	-921483.3608675763
0.6258087431339214	0.688093534157626	27000	373292.1603066586	1196296.8191157703	-0.31203974995317085	-922032.8379283099
0.6290792356509483	0.688093534157626	27100	373021.40793478064	1196800.3287648202	-0.311682240528597	-922518.3133675164
0.6323497281679751	0.688093534157626	27200	367996.5077125264	1196563.0521862155	-0.30754460205015327	-923324.2261739824
0.6356202206850019	0.688093534157626	27300	359844.16456553154	1193928.7124204428	-0.30139501699060584	-923261.7216699979
0.6388907132020287	0.688093534157626	27400	356289.9473436894	1192149.6547495557	-0.2988634404449314	-923273.1560733212
0.6421612057190556	0.688093534157626	27500	354463.6468395856	1191304.5776615161	-0.2975424198699746	-923621.123594019
0.6454316982360824	0.688093534157626	27600	356761.29828556237	1191570.6241304642	-0.2994042409747262	-923954.8334331992
0.6487021907531092	0.688093534157626	27700	358297.4659151824	1191894.3635625802	-0.30061176297891773	-924409.5308718458
0.651972683270136	0.688093534157626	27800	359248.48016218643	1192260.0866247471	-0.30131720770692594	-924867.4072602558
0.6552431757871628	0.688093534157626	27900	360134.28741312865	1193036.0802469633	-0.30186370167327997	-925401.1878887153
0.6585136683041897	0.688093534157626	28000	361530.43026548356	1194401.7458663639	-0.3026874596564208	-926121.3440810196
0.6617841608212165	0.688093534157626	28100	363253.2973507943	1195699.9466020856	-0.3037997102726982	-926867.2514640791
0.6650546533382433	0.688093534157626	28200	366049.55353131064	1197194.1505650845	-0.3057562161981267	-927638.4547066124
0.6683251458552701	0.688093534157626	28300	368858.2853720254	1198982.5329324524	-0.30764275145016307	-928506.1459054076
0.671595638372297	0.688093534157626	28400	371523.57443679095	1200838.5954775065	-0.3093867700755044	-929380.5132383726
0.6748661308893238	0.688093534157626	28500	373417.05624299124	1202484.768887512	-0.3105378678421523	-930201.0822441276
0.6781366234063506	0.688093534157626	28600	374167.1611336454	1203615.1309754064	-0.3108694394946841	-930885.4998409556
0.6814071159233774	0.688093534157626	28700	373960.8133312919	1204282.4691943745	-0.3105258300251264	-931375.0028398315
0.6846776084404043	0.688093534157626	28800	374169.3483086082	1204759.2278798753	-0.3105760384729056	-931726.3280499997
0.6879481009574311	0.688093534157626	28900	372763.54284569656	1204547.4709507362	-0.3094635552648484	-931786.316195367
0.6912185934744579	0.688093534157626	29000	373346.1896385886	1204950.7291531283	-0.3098435318604158	-932152.3879366951
0.6944890859914847	0.688093534157626	29100	373166.94092031743	1204175.8416786785	-0.3098940603227058	-932240.084513982
0.6977595785085116	0.688093534157626	29200	373339.4432060218	1203743.898739023	-0.31014856531951024	-932332.0610296362
0.7010300710255384	0.688093534157626	29300	369662.4706257597	1202769.741749661	-0.30734267565462214	-932282.7568641963
0.7043005635425652	0.688093534157626	29400	360298.2664908697	1200203.83595451	-0.30019756286175187	-931487.562318236
0.707571056059592	0.688093534157626	29500	351011.9828060436	1195864.6378562974	-0.293521500422712	-930193.3318147948
0.7108415485766189	0.688093534157626	29600	354708.9688450793	1195571.5204121512	-0.2966856961621166	-930016.5525271104
0.7141120410936457	0.688093534157626	29700	356842.91834357724	1194306.5767156268	-0.29878669790541074	-929703.2280429924
0.7173825336106725	0.688093534157626	29800	359726.97605118784	1193582.7700276577	-0.301384189755732	-929515.2615487302
0.7206530261276993	0.688093534157626	29900	363397.55805488967	1193940.4498615589	-0.30436824390783207	-929620.5283601846
0.7239235186447261	0.688093534157626	30000	366610.32419081696	1193809.6596302753	-0.3070927775072257	-929539.0732053333
0.727194011161753	0.688093534157626	30100	363886.6803169271	1191553.9604386885	-0.30538833523154646	-928962.5780429341
0.7304645036787798	0.688093534157626	30200	364666.99756984436	1190409.3598279569	-0.30633747505357956	-928660.1439191733
0.7337349961958066	0.688093534157626	30300	364797.13473719056	1189332.1674794573	-0.30672434893466505	-928452.9097044714
0.7370054887128334	0.688093534157626	30400	365621.76380036573	1188653.2404954794	-0.30759329242896744	-928262.5073652467
0.7402759812298603	0.688093534157626	30500	366384.70214967785	1187242.5157128067	-0.30860139971461914	-927819.7164042232
0.7435464737468871	0.688093534157626	30600	365862.7168435528	1185456.4524451466	-0.3086260284710728	-927173.8941862052
0.7468169662639139	0.688093534157626	30700	362692.3456338617	1183051.7976350645	-0.3065735129762605	-926412.0113768814
0.7500874587809407	0.688093534157626	30800	359358.4940726089	1181068.9614554578	-0.30426546272942717	-925583.3596953092
0.7533579512979676	0.688093534157626	30900	359031.5238626096	1180237.3212184294	-0.3042028221001857	-925114.0321927281
0.7566284438149944	0.688093534157626	31000	358879.2778737999	1179827.821144757	-0.3041793653633192	-924989.8118275213
0.7598989363320212	0.688093534157626	31100	360581.1042599069	1179879.3326613414	-0.30560845866041103	-924796.5541167877
0.763169428849048	0.688093534157626	31200	363168.06680264865	1179832.2391145919	-0.3078133100305761	-924445.4833177057
0.7664399213660749	0.688093534157626	31300	366057.1971106777	1180078.0400034306	-0.3101974485599389	-924095.4977151562
0.7697104138831017	0.688093534157626	31400	369514.4972327499	1180565.5670128446	-0.3129978609893927	-923866.0144207211
0.7729809064001285	0.688093534157626	31500	372985.7043551095	1181285.4982271567	-0.3157456050335647	-923683.4367706381
0.7762513989171553	0.688093534157626	31600	375580.8163511366	1182163.8501140145	-0.3177062268609495	-923659.3758578388
0.7795218914341822	0.688093534157626	31700	378478.47759006865	1182942.6157622915	-0.31994660818451964	-923601.0307256129
0.782792383951209	0.688093534157626	31800	381714.8689304522	1183795.0330494512	-0.32245013560088714	-923458.8941749526
0.7860628764682358	0.688093534157626	31900	384813.9291430266	1184737.3196733703	-0.32480949384553787	-923283.930682331
0.7893333689852626	0.688093534157626	32000	387127.5465014891	1185569.6371083914	-0.3265329461757258	-923186.865117868
0.7926038615022895	0.688093534157626	32100	390082.2723669017	1186808.3076901864	-0.3286817844459611	-923216.4820856674
0.7958743540193163	0.688093534157626	32200	393815.7303608698	1188592.677264231	-0.3313294267194297	-923353.1435498934
0.7991448465363431	0.688093534157626	32300	396326.31325150887	1190343.943999033	-0.33295108968255555	-923541.2656232733
0.8024153390533699	0.688093534157626	32400	398485.82019563304	1191774.6992099117	-0.3343633829949651	-923587.4105944233
0.8056858315703967	0.688093534157626	32500	399447.86424678983	1192984.4084182275	-0.3348307500316923	-923618.8078527944
0.8089563240874236	0.688093534157626	32600	402537.6742943795	1194558.3253042393	-0.33697615743614534	-923852.1330153433
0.8122268166044504	0.688093534157626	32700	406228.9974319601	1196266.3634234183	-0.3395807237022307	-924215.093141469
0.8154973091214772	0.688093534157626	32800	409276.71947724576	1198048.920615834	-0.34161937165876743	-924777.7229135386
0.818767801638504	0.688093534157626	32900	412427.4607175195	1199614.3213126871	-0.3438000475571329	-925288.2488866756
0.8220382941555309	0.688093534157626	33000	415212.78725285083	1200753.888933951	-0.34579341452017576	-925585.6305116434
0.8253087866725577	0.688093534157626	33100	417175.2851798164	1201759.9871077933	-0.3471369405331993	-925731.540388811
0.8285792791895845	0.688093534157626	33200	418785.9748518126	1202713.7897154314	-0.3482008591178618	-925784.3189159936
0.8318497717066113	0.688093534157626	33300	419980.8873874964	1203349.0123395135	-0.3490100403797089	-925764.7945415652
0.8351202642236382	0.688093534157626	33400	420290.320382306	1203251.3925844538	-0.3492955196000795	-925601.4442156437
0.838390756740665	0.688093534157626	33500	421118.3734457989	1203193.3015596368	-0.3500005966621698	-925543.4260397436
0.8416612492576918	0.688093534157626	33600	421536.70852694113	1203549.7590786791	-0.35024452071647516	-925649.1098270649
0.8449317417747186	0.688093534157626	33700	419495.69294451	1203656.62853203	-0.34851774418101583	-926002.6874340083
0.8482022342917455	0.688093534157626	33800	417428.95711749356	1202972.859650975	-0.3469978177550942	-926145.7865486258
0.8514727268087723	0.688093534157626	33900	407792.1777920978	1200805.6195457734	-0.3395988252839395	-925678.1706613771
0.8547432193257991	0.688093534157626	34000	407860.3397778103	1203085.2801716602	-0.33901199399565046	-926249.3537778257
0.8580137118428259	0.688093534157626	34100	405682.013517066	1203781.8937979345	-0.3370062430804125	-926215.3093904862
0.8612842043598528	0.688093534157626	34200	405199.6511869021	1204920.7896210134	-0.33628737646260587	-926323.6169306859
0.8645546968768796	0.688093534157626	34300	403925.25028872455	1206526.491822575	-0.33478357336236886	-926468.1853401602
0.8678251893939064	0.688093534157626	34400	403302.75948545756	1207141.1546698292	-0.3340974317090256	-926680.8661400521
0.8710956819109332	0.688093534157626	34500	400519.111079304	1206746.5896637787	-0.3318999320237531	-927164.5427965153
0.87436617442796	0.688093534157626	34600	395754.3860823588	1206404.3356481309	-0.32804456548122646	-927825.3651517536
0.8776366669449869	0.688093534157626	34700	393332.9872497792	1205925.9823416243	-0.32616677392257454	-928424.1821482488
0.8809071594620137	0.688093534157626	34800	388829.59201078693	1205096.5464473946	-0.3226543077872477	-929267.2802552903
0.8841776519790405	0.688093534157626	34900	386840.04438110744	1204565.5906819184	-0.3211448570119896	-929881.7114541101
0.8874481444960673	0.688093534157626	35000	386263.3742247849	1203013.781405914	-0.32107975834938013	-930152.7396076325
0.8907186370130942	0.688093534157626	35100	383894.82490914396	1200775.0041324256	-0.319705876278223	-930620.8656595893
0.893989129530121	0.688093534157626	35200	383220.0330560793	1199710.498827749	-0.31942708964415	-931065.4096434839
0.8972596220471478	0.688093534157626	35300	381078.4936982038	1197951.4329386442	-0.3181084668544502	-931271.974222964
0.9005301145641746	0.688093534157626	35400	379008.6698647034	1196063.5600231246	-0.31688004093810507	-931272.2632237318
0.9038006070812015	0.688093534157626	35500	371866.69024411176	1189925.8229436902	-0.312512497059835	-930835.5237590385
0.9070710995982283	0.688093534157626	35600	364346.01281355595	1182098.4885607748	-0.308219675720213	-929659.8006672136
0.9103415921152551	0.688093534157626	35700	362147.04176008154	1177828.0973536666	-0.3074702009348819	-928731.3883048262
0.9136120846322819	0.688093534157626	35800	362406.5814526702	1174449.9718098599	-0.3085755801877126	-927962.0101215165
0.9168825771493088	0.688093534157626	35900	363579.83244451106	1171737.3184238293	-0.31029124593691615	-927121.9155205102
0.9201530696663356	0.688093534157626	36000	365696.2707975713	1170580.0325708103	-0.31240603856400545	-926719.3874817294
0.9234235621833624	0.688093534157626	36100	367658.9733142052	1170479.7126152255	-0.3141096503866245	-926560.9707494866
0.9266940547003892	0.688093534157626	36200	367897.53957039036	1170293.8523200406	-0.31436338731597585	-926304.3746936265
0.9299645472174161	0.688093534157626	36300	368250.8518415772	1170232.3061789037	-0.3146818370140599	-925945.7688775699
0.9332350397344429	0.688093534157626	36400	366382.4430620425	1169521.6218449336	-0.31327547624478297	-925339.2355892643
0.9365055322514697	0.688093534157626	36500	364922.14799799724	1169140.4030468035	-0.3121285921237541	-924544.7566304366
0.9397760247684965	0.688093534157626	36600	364195.3657575456	1168914.3194335352	-0.3115672036031156	-923814.1459452916
0.9430465172855234	0.688093534157626	36700	361313.7313717231	1169297.75669987	-0.30900061964667175	-923195.6171649474
0.9463170098025502	0.688093534157626	36800	357310.2148305034	1169845.3550032286	-0.30543371677491277	-922501.8691236302
0.949587502319577	0.688093534157626	36900	357348.45423203945	1170562.2079274124	-0.3052793365546609	-921949.7498981339
0.9528579948366038	0.688093534157626	37000	357799.6287228647	1171884.7857950863	-0.30531980025673694	-921679.9621096539
0.9561284873536307	0.688093534157626	37100	356423.4509967481	1172718.0149336064	-0.3039293730103797	-921325.0417753417
0.9593989798706575	0.688093534157626	37200	356688.9407733347	1173711.8546887743	-0.3038982177341266	-921123.2555909368
0.9626694723876843	0.688093534157626	37300	358057.6063476836	1174531.247412357	-0.3048514947018484	-920888.370281327
0.9659399649047111	0.688093534157626	37400	358852.94795548724	1174867.403504456	-0.30544123267449746	-920377.8933922695
0.969210457421738	0.688093534157626	37500	359330.94876080315	1175128.322031826	-0.3057801790867495	-919723.975587712
0.9724809499387648	0.688093534157626	37600	354563.0223438454	1172899.242458847	-0.302296232710105	-918777.9710601413
0.9757514424557916	0.688093534157626	37700	357616.24185582483	1174294.6711763444	-0.3045370558461143	-918744.3686952643
0.9790219349728184	0.688093534157626	37800	360115.30215637	1175454.5666970944	-0.30636258717192	-918648.9931856034
0.9822924274898452	0.688093534157626	37900	361454.0846982776	1176487.9452420757	-0.30723143926808727	-918604.898047506
0.9855629200068721	0.688093534157626	38000	362009.22384689946	1177735.9302727384	-0.30737724352441714	-918661.2186383506
0.9888334125238989	0.688093534157626	38100	361793.5523239424	1179024.7439749574	-0.3068583201266783	-918820.6337618349
0.9921039050409257	0.688093534157626	38200	360851.97733867646	1179775.7102322266	-0.3058648980556198	-919255.5745431152
0.9953743975579525	0.688093534157626	38300	361152.6369482821	1180208.1210877183	-0.3060075850142702	-919640.7510163998
0.9986448900749794	0.688093534157626	38400	360593.97456326976	1180176.116753272	-0.3055425113628661	-920056.0448756907
1.0019153825920062	0.688093534157626	38500	362672.0331956645	1181092.881770518	-0.30706478617668137	-920267.0668534118
1.005185875109033	0.688093534157626	38600	364862.1520741346	1181963.0981882906	-0.3086916610454203	-920546.4514575781
